1 1 4
1 3 4
1 6 4
1 47 5
1 50 5
1 70 3
1 101 5
1 110 4
1 151 5
1 157 5
1 163 5
1 216 5
1 223 3
1 231 5
1 235 4
1 260 5
1 296 3
1 316 3
1 333 5
1 349 4
1 356 4
1 362 5
1 367 4
1 423 3
1 441 4
1 457 5
1 480 4
1 500 3
1 527 5
1 543 4
1 552 4
1 553 5
1 590 4
1 592 4
1 593 4
1 596 5
1 608 5
1 648 3
1 661 5
1 673 3
1 733 4
1 736 3
1 780 3
1 804 4
1 919 5
1 923 5
1 940 5
1 943 4
1 954 5
1 1009 3
1 1023 5
1 1024 5
1 1025 5
1 1029 5
1 1030 3
1 1031 5
1 1032 5
1 1042 4
1 1049 5
1 1060 4
1 1073 5
1 1080 5
1 1089 5
1 1090 4
1 1092 5
1 1097 5
1 1127 4
1 1136 5
1 1196 5
1 1197 5
1 1198 5
1 1206 5
1 1208 4
1 1210 5
1 1213 5
1 1214 4
1 1219 2
1 1220 5
1 1222 5
1 1224 5
1 1226 5
1 1240 5
1 1256 5
1 1258 3
1 1265 4
1 1270 5
1 1275 5
1 1278 5
1 1282 5
1 1291 5
1 1298 5
1 1348 4
1 1377 3
1 1396 3
1 1408 3
1 1445 3
1 1473 4
1 1500 4
1 1517 5
1 1552 4
1 1573 5
1 1580 3
1 1587 5
1 1617 5
1 1620 4
1 1625 5
1 1644 3
1 1676 3
1 1732 5
1 1777 4
1 1793 4
1 1804 5
1 1805 4
1 1920 4
1 1927 5
1 1954 5
1 1967 4
1 2000 4
1 2005 5
1 2012 4
1 2018 5
1 2028 4
1 2033 5
1 2046 4
1 2048 5
1 2054 4
1 2058 5
1 2078 5
1 2090 5
1 2093 3
1 2094 5
1 2096 4
1 2099 4
1 2105 4
1 2115 5
1 2116 5
1 2137 5
1 2139 5
1 2141 5
1 2143 4
1 2161 5
1 2174 4
1 2193 4
1 2253 2
1 2268 4
1 2273 4
1 2291 5
1 2329 5
1 2338 2
1 2353 5
1 2366 4
1 2387 5
1 2389 2
1 2395 5
1 2406 4
1 2414 3
1 2427 5
1 2450 4
1 2459 5
1 2470 5
1 2478 4
1 2492 4
1 2502 5
1 2528 3
1 2529 5
1 2542 5
1 2571 5
1 2580 5
1 2596 5
1 2616 4
1 2617 2
1 2628 4
1 2640 4
1 2641 5
1 2644 4
1 2648 4
1 2654 5
1 2657 3
1 2692 5
1 2700 5
1 2716 5
1 2761 5
1 2797 4
1 2826 4
1 2858 5
1 2872 5
1 2899 5
1 2916 4
1 2944 5
1 2947 5
1 2948 5
1 2949 5
1 2959 5
1 2985 4
1 2987 5
1 2991 5
1 2993 5
1 2997 4
1 3033 5
1 3034 5
1 3052 5
1 3053 5
1 3062 4
1 3147 5
1 3168 4
1 3176 1
1 3243 3
1 3247 3
1 3253 5
1 3273 5
1 3386 5
1 3439 4
1 3440 4
1 3441 5
1 3448 5
1 3450 5
1 3479 4
1 3489 4
1 3527 4
1 3578 5
1 3617 4
1 3639 4
1 3671 5
1 3702 5
1 3703 5
1 3729 5
1 3740 4
1 3744 4
1 3793 5
1 3809 4
1 4006 4
1 5060 5
2 318 3
2 333 4
2 1704 4.5
2 3578 4
3 31 0.5
3 527 0.5
3 647 0.5
3 688 0.5
3 720 0.5
3 849 5
3 914 0.5
3 1093 0.5
3 1124 0.5
3 1263 0.5
3 1272 0.5
3 1275 3.5
3 1302 0.5
3 1371 3
3 1587 4.5
3 2018 0.5
3 2080 0.5
3 2090 0.5
3 2105 2
3 2288 4
3 2424 0.5
3 2851 5
3 3024 4.5
3 3210 0.5
3 3703 5
3 3949 0.5
3 4518 5
3 5048 0.5
4 21 3
4 32 2
4 45 3
4 47 2
4 52 3
4 58 3
4 106 4
4 125 5
4 126 1
4 162 5
4 171 3
4 176 5
4 190 2
4 215 5
4 222 1
4 232 5
4 235 2
4 247 3
4 260 5
4 265 5
4 296 1
4 319 5
4 342 5
4 345 4
4 348 4
4 351 3
4 357 3
4 368 4
4 417 2
4 441 1
4 450 2
4 457 5
4 475 5
4 492 5
4 509 1
4 538 5
4 539 1
4 553 2
4 588 4
4 593 5
4 595 3
4 599 2
4 608 5
4 648 3
4 708 4
4 759 3
4 800 4
4 892 4
4 898 5
4 899 4
4 902 4
4 904 4
4 908 5
4 910 5
4 912 5
4 914 5
4 919 5
4 920 5
4 930 5
4 937 3
4 1025 4
4 1046 5
4 1057 3
4 1060 2
4 1073 4
4 1077 5
4 1079 2
4 1080 5
4 1084 5
4 1086 5
4 1094 3
4 1103 5
4 1136 5
4 1179 4
4 1183 1
4 1188 5
4 1196 5
4 1197 5
4 1198 3
4 1199 2
4 1203 5
4 1211 1
4 1213 4
4 1219 4
4 1225 4
4 1250 5
4 1259 4
4 1265 4
4 1266 4
4 1279 2
4 1282 5
4 1283 5
4 1288 4
4 1291 4
4 1304 3
4 1391 1
4 1449 5
4 1466 4
4 1500 4
4 1517 4
4 1580 3
4 1597 1
4 1617 2
4 1641 4
4 1704 1
4 1719 4
4 1732 4
4 1733 5
4 1734 3
4 1834 5
4 1860 2
4 1883 4
4 1885 3
4 1892 2
4 1895 4
4 1907 3
4 1914 4
4 1916 1
4 1923 3
4 1947 5
4 1966 2
4 1967 5
4 1968 4
4 2019 2
4 2076 4
4 2078 5
4 2109 4
4 2145 3
4 2150 5
4 2174 5
4 2186 5
4 2203 4
4 2204 5
4 2282 1
4 2324 1
4 2336 2
4 2351 4
4 2359 4
4 2390 5
4 2395 3
4 2406 4
4 2467 4
4 2571 1
4 2583 5
4 2599 5
4 2628 1
4 2683 4
4 2692 5
4 2712 2
4 2762 4
4 2763 1
4 2770 2
4 2791 5
4 2843 5
4 2858 5
4 2874 4
4 2921 4
4 2926 5
4 2959 2
4 2973 2
4 2997 4
4 3033 4
4 3044 5
4 3060 4
4 3079 3
4 3083 5
4 3160 4
4 3175 1
4 3176 4
4 3204 4
4 3255 4
4 3317 4
4 3358 3
4 3365 5
4 3386 4
4 3408 4
4 3481 2
4 3489 1
4 3508 5
4 3538 2
4 3591 1
4 3788 3
4 3809 3
4 3851 5
4 3897 4
4 3911 3
4 3967 4
4 3996 4
4 4002 3
4 4014 1
4 4020 3
4 4021 4
4 4027 3
4 4029 3
4 4033 4
4 4034 5
4 4074 3
4 4121 4
4 4144 3
4 4166 3
4 4226 2
4 4239 5
4 4246 4
4 4252 3
4 4260 2
4 4273 4
4 4308 1
4 4347 4
4 4381 3
4 4641 1
4 4741 3
4 4765 5
4 4881 3
4 4896 4
4 4902 4
4 4967 5
5 1 4
5 21 4
5 34 4
5 36 4
5 39 3
5 50 4
5 58 5
5 110 4
5 150 3
5 153 3
5 232 4
5 247 5
5 253 3
5 261 4
5 265 3
5 266 1
5 290 5
5 296 5
5 300 3
5 316 2
5 318 3
5 344 3
5 349 3
5 357 2
5 364 3
5 367 4
5 380 2
5 410 3
5 457 4
5 474 4
5 475 5
5 515 3
5 527 5
5 531 4
5 534 3
5 588 4
5 589 3
5 590 5
5 592 3
5 594 5
5 595 5
5 596 5
5 597 3
5 608 3
6 2 4
6 3 5
6 4 3
6 5 5
6 6 4
6 7 4
6 8 3
6 10 3
6 11 4
6 13 3
6 15 4
6 16 4
6 17 4
6 19 2
6 21 2
6 22 5
6 24 4
6 25 3
6 26 4
6 27 3
6 31 3
6 32 4
6 34 4
6 36 5
6 41 4
6 43 4
6 45 3
6 46 4
6 47 4
6 50 1
6 54 4
6 60 4
6 61 4
6 62 4
6 65 3
6 66 3
6 76 4
6 79 3
6 86 5
6 87 3
6 88 2
6 89 4
6 92 4
6 93 4
6 95 4
6 100 3
6 102 1
6 104 4
6 105 3
6 110 5
6 112 4
6 113 3
6 126 3
6 135 3
6 140 3
6 141 4
6 145 4
6 146 4
6 150 4
6 151 4
6 153 3
6 158 4
6 159 3
6 160 5
6 161 3
6 163 3
6 165 3
6 168 5
6 170 3
6 171 3
6 174 3
6 177 3
6 179 1
6 180 2
6 181 3
6 185 3
6 186 3
6 189 3
6 191 2
6 195 4
6 196 3
6 201 3
6 204 3
6 205 3
6 207 4
6 208 3
6 209 3
6 210 4
6 212 4
6 216 4
6 217 3
6 218 2
6 219 3
6 222 4
6 224 3
6 225 4
6 230 5
6 231 3
6 234 2
6 236 4
6 237 4
6 239 3
6 240 3
6 243 3
6 248 5
6 250 4
6 251 3
6 252 4
6 253 3
6 254 3
6 256 3
6 257 5
6 258 3
6 261 4
6 262 5
6 265 3
6 266 3
6 267 3
6 270 3
6 271 4
6 273 3
6 274 4
6 276 4
6 277 5
6 279 3
6 281 4
6 282 3
6 288 2
6 289 3
6 291 3
6 292 4
6 293 3
6 296 2
6 302 3
6 303 3
6 304 4
6 310 3
6 312 1
6 313 3
6 314 5
6 315 4
6 316 5
6 317 4
6 318 5
6 327 1
6 329 4
6 330 3
6 332 3
6 333 5
6 336 3
6 337 5
6 339 4
6 340 4
6 342 3
6 343 3
6 344 3
6 347 3
6 348 3
6 349 5
6 350 5
6 351 4
6 352 3
6 353 4
6 354 4
6 355 4
6 356 5
6 357 3
6 358 3
6 359 3
6 360 3
6 361 4
6 362 3
6 364 5
6 366 3
6 367 4
6 368 5
6 370 4
6 371 3
6 374 3
6 377 5
6 378 3
6 380 4
6 381 3
6 382 3
6 383 3
6 405 3
6 410 3
6 412 3
6 415 4
6 416 3
6 419 3
6 426 3
6 432 5
6 434 4
6 435 3
6 437 3
6 440 4
6 445 3
6 450 4
6 454 4
6 455 3
6 457 5
6 458 3
6 460 3
6 466 2
6 468 4
6 469 4
6 472 3
6 474 4
6 475 4
6 477 4
6 480 5
6 485 3
6 489 3
6 490 3
6 491 4
6 493 3
6 494 3
6 497 3
6 500 5
6 502 3
6 505 3
6 508 4
6 509 3
6 510 3
6 515 4
6 516 4
6 520 3
6 524 3
6 527 3
6 531 3
6 532 3
6 536 3
6 537 3
6 539 3
6 540 3
6 542 4
6 543 3
6 546 2
6 548 3
6 552 3
6 553 5
6 569 4
6 575 3
6 587 5
6 588 5
6 589 3
6 590 5
6 592 3
6 593 4
6 594 4
6 595 5
6 596 3
6 597 4
6 606 3
6 608 3
6 609 4
6 616 5
6 628 3
6 631 4
6 637 4
6 640 1
6 647 4
6 662 3
6 667 3
6 694 3
6 697 3
6 700 4
6 704 3
6 708 4
6 709 5
6 710 3
6 711 4
6 719 2
6 736 5
6 747 3
6 762 1
6 765 3
6 775 3
6 780 5
6 783 5
6 795 3
6 799 3
6 801 3
6 802 4
6 818 3
6 830 5
6 835 4
6 837 3
6 838 4
6 839 3
6 842 3
6 848 4
6 852 4
6 867 3
6 880 3
6 881 3
6 888 3
6 891 3
6 979 3
6 981 3
6 986 4
6 991 4
6 996 4
6 999 2
6 1004 4
6 1006 4
6 1042 3
6 1049 5
6 1061 4
6 1064 4
6 1073 3
6 1082 4
6 1084 3
7 1 4.5
7 50 4.5
7 58 3
7 150 4.5
7 165 4
7 260 5
7 356 5
7 380 3
7 466 5
7 480 5
7 587 2
7 588 3
7 589 2.5
7 592 3
7 593 5
7 595 3.5
7 648 4
7 750 4
7 780 4.5
7 920 3
7 924 4
7 1101 4
7 1183 1.5
7 1196 4
7 1208 4
7 1210 4
7 1219 5
7 1220 4.5
7 1240 5
7 1246 1.5
7 1270 5
7 1517 3.5
7 1584 5
7 1610 4
7 1617 3
7 1682 3
7 1784 0.5
7 1917 4
7 1923 1.5
7 1954 4.5
8 2 4
8 10 2
8 11 4
8 21 4
8 32 3
8 34 5
8 39 3
8 47 4
8 50 5
8 110 3
8 141 3
8 150 4
8 153 2
8 185 5
8 186 4
8 208 3
8 231 4
8 235 3
8 236 3
8 252 3
8 253 5
8 282 3
8 292 3
8 296 4
8 317 3
8 318 5
8 339 3
8 356 3
8 357 5
8 364 5
8 367 3
8 377 4
8 380 5
8 432 1
8 440 3
8 454 4
8 457 3
8 480 4
8 500 2
8 527 5
8 539 3
8 586 3
8 587 3
8 590 5
8 592 3
8 593 4
8 597 3
9 41 3
9 187 3
9 223 4
9 371 3
9 627 3
9 922 4
9 923 5
9 1037 2
9 1095 4
9 1198 5
9 1270 5
9 1674 4
9 1987 2
9 2011 3
9 2012 4
10 296 1
10 356 3.5
10 588 4
10 597 3.5
10 912 4
11 6 5
11 10 3
11 36 4
11 44 2
11 95 3
11 110 5
11 150 5
11 153 3
11 165 3
11 170 4
11 208 3
11 292 4
11 318 4
11 349 5
11 356 5
11 368 3
11 376 2
11 377 3
11 380 4
11 434 3
11 457 5
11 466 3
11 474 4
11 480 4
11 493 3
11 511 4
11 529 5
11 589 4
11 593 5
11 648 4
11 733 4
11 736 4
11 780 4
11 1100 3
11 1101 5
11 1210 4
11 1358 4
11 1370 3
11 1385 3
11 1391 1
11 1408 5
11 1438 3
11 1518 4
11 1552 4
11 1573 3
11 1584 5
11 1586 4
11 1597 4
11 1604 4
11 1608 4
11 1616 3
11 1687 3
11 1693 5
11 1704 4
11 1721 5
11 1784 5
11 1840 4
11 1882 2
11 1917 4
11 1918 4
11 1923 4
11 2002 2
11 2027 3
11 2028 5
12 39 4
12 168 5
12 222 5
12 256 5
12 261 4.5
12 277 3
12 357 3.5
12 543 3.5
12 830 4
12 838 5
12 920 4.5
12 1265 3.5
12 1357 5
12 1405 3
12 1721 5
12 1876 3.5
12 2072 5
12 2100 3.5
12 2421 3
12 2485 5
12 2572 5
12 2581 5
12 2694 4
12 2717 5
12 3668 5
12 3967 4.5
12 4018 4.5
12 5620 4
12 6942 5
12 8533 5
12 40629 5
12 63992 5
13 47 5
13 305 1
13 597 3
13 1173 3
13 1198 5
13 1590 4
13 1619 3
13 1639 4
13 1721 4
13 2145 3
13 2174 3
13 2541 2
13 2571 5
13 3300 4
13 3409 2
13 3513 3
13 3578 5
13 3624 4
13 3717 3
13 3753 4
13 3793 4
13 3798 4
13 3827 4
13 3863 4
13 3893 3
13 3897 4
13 3952 3
13 3977 3
13 3996 5
13 4011 5
13 4148 4
14 4 3
14 7 3
14 19 1
14 25 4
14 32 4
14 39 3
14 47 5
14 95 5
14 105 3
14 110 5
14 150 4
14 153 2
14 193 3
14 231 3
14 266 5
14 282 5
14 288 4
14 296 3
14 318 3
14 337 5
14 339 4
14 344 2
14 351 3
14 356 4
14 367 1
14 376 4
14 377 3
14 383 4
14 434 4
14 448 3
14 455 3
14 477 4
14 480 3
14 491 3
14 508 3
14 509 5
14 524 3
14 527 3
14 539 4
14 540 3
14 552 3
14 553 4
14 586 3
14 590 4
14 592 2
14 593 4
14 597 3
14 784 1
15 1 2.5
15 44 1
15 47 3.5
15 158 1
15 172 1
15 256 3
15 260 5
15 293 3
15 296 4
15 318 5
15 355 1
15 356 5
15 364 3
15 527 5
15 588 3
15 589 5
15 596 2
15 780 3.5
15 849 2
15 858 4
15 1196 5
15 1198 4
15 1200 5
15 1210 5
15 1214 5
15 1240 4
15 1265 3.5
15 1270 5
15 1347 3
15 1527 3
15 1653 4.5
15 1909 2.5
15 2001 5
15 2011 5
15 2012 4
15 2028 3.5
15 2081 3
15 2085 1.5
15 2150 5
15 2278 2.5
15 2329 4.5
15 2571 4
15 2762 3
15 2858 4
15 2916 4.5
15 2959 2.5
15 3147 5
15 3156 5
15 3499 4
15 3510 5
15 3535 3.5
15 3555 4
15 3578 5
15 3617 1.5
15 3753 3
15 3949 4
15 3994 3
15 4018 4
15 4022 3.5
15 4226 1.5
15 4306 3
15 4370 4
15 4720 5
15 4886 3.5
15 4993 3.5
15 4995 5
15 5445 4
15 5618 3
15 5952 3.5
15 5971 2
15 5989 5
15 6377 3
15 6502 3.5
15 6874 3
15 7254 3.5
15 7438 3
15 8360 2.5
15 8644 3.5
15 8961 2.5
15 33493 5
15 48304 4.5
15 48774 3
15 48780 4.5
15 50872 3
15 56174 3.5
15 58559 2
15 59315 2
15 60069 3.5
15 63859 3
15 64614 4
15 68237 3
15 68954 3.5
15 69757 4
15 70286 3.5
15 71057 4
15 71264 2.5
15 72998 3
15 79132 3.5
15 84152 5
15 84954 4.5
15 85414 3.5
15 89745 2
15 91500 3
15 91529 2
15 94864 3
15 96610 3
15 97938 4
15 99114 1
15 101864 4
15 103249 3.5
15 104841 4.5
15 105504 4
15 109374 2
15 109487 4
15 110102 1.5
15 111759 4.5
15 112556 4.5
15 112852 1.5
15 115149 2
15 115713 2
15 120466 2.5
15 122882 2
15 122886 5
15 122904 2
15 122922 2
15 122924 1
15 134130 4
15 134853 4.5
15 143385 3
15 152077 5
15 152081 3
15 158872 3.5
15 160980 3.5
15 166528 5
15 166635 3.5
16 47 3.5
16 50 4
16 111 4.5
16 204 2
16 260 3
16 293 4
16 296 3
16 318 4
16 319 4
16 356 3.5
16 527 4
16 541 4.5
16 593 3
16 608 4.5
16 678 4
16 745 4
16 750 4.5
16 849 4
16 858 2.5
16 904 3.5
16 912 3.5
16 913 4
16 923 3.5
16 1089 4
16 1136 4
16 1147 4
16 1148 4
16 1186 3.5
16 1188 2.5
16 1193 4
16 1196 3
16 1197 4
16 1198 3.5
16 1199 5
16 1201 3
16 1203 4
16 1207 4
16 1208 4
16 1213 3.5
16 1214 4
16 1219 3
16 1222 4.5
16 1223 4
16 1230 4
16 1247 4
16 1252 4.5
16 1260 4
16 1261 4
16 1267 4
16 1276 4
16 1281 3
16 1299 4
16 1617 3.5
16 1680 3.5
16 1704 3.5
16 2019 4
16 2109 3.5
16 2329 3.5
16 2427 1.5
16 2490 3
16 2571 3.5
16 2641 3
16 2707 3.5
16 2723 3.5
16 2762 3.5
16 2858 3.5
16 2959 3.5
16 3000 4
16 3022 3.5
16 3108 4
16 3174 3.5
16 3429 3.5
16 3683 4
16 3741 4
16 3949 4
16 4002 3.5
16 4011 3
16 4226 4.5
16 4878 3.5
16 4973 4
16 4993 3.5
16 5618 4.5
16 5782 4
16 5952 3.5
16 5971 4
16 6350 3.5
16 7099 3.5
16 7153 3.5
16 7361 3.5
16 27611 4
16 27773 4
16 48394 4
16 58559 4.5
16 60069 4
16 68954 4
16 78499 4.5
16 79132 3
16 91529 4.5
17 1 4.5
17 44 3.5
17 47 4
17 50 4.5
17 110 4.5
17 111 4
17 150 3.5
17 260 5
17 293 3.5
17 296 5
17 318 5
17 356 5
17 480 4.5
17 527 4.5
17 541 3.5
17 589 4.5
17 590 4.5
17 592 4.5
17 593 4.5
17 750 4.5
17 780 4
17 858 5
17 899 3.5
17 904 4
17 910 3.5
17 1032 4.5
17 1036 4
17 1089 4
17 1090 4.5
17 1093 4
17 1100 3.5
17 1193 4.5
17 1196 5
17 1197 3.5
17 1198 4.5
17 1201 5
17 1206 5
17 1209 3.5
17 1210 5
17 1213 4.5
17 1221 4.5
17 1222 4.5
17 1228 4.5
17 1234 4
17 1240 5
17 1252 4
17 1258 4
17 1259 4
17 1263 4
17 1270 4.5
17 1291 4
17 1358 3
17 1375 3.5
17 1405 4
17 1466 3
17 1732 5
17 1967 4
17 2005 4
17 2019 3.5
17 2028 4.5
17 2194 4
17 2329 4.5
17 2502 4.5
17 2571 5
17 2717 3.5
17 2762 4
17 2858 4
17 2959 4.5
17 3039 4.5
17 3147 4.5
17 3263 4
17 3435 3.5
17 3508 4
17 3681 4.5
17 3702 3.5
17 3949 4.5
17 4226 4
17 4571 4
17 4993 4.5
17 5618 5
17 5782 4
17 5952 5
17 5971 4
17 6016 4.5
17 6350 5
17 6870 3.5
17 7099 5
17 7153 4.5
17 7482 4
17 27773 4
17 31658 4.5
17 33794 4
17 48394 4.5
17 48516 4
17 58559 4.5
17 60069 3.5
17 64839 3.5
17 68157 4
17 68358 4.5
17 77455 3.5
17 78499 4
17 79132 4.5
17 80463 4
17 81932 3.5
17 82459 4
18 1 3.5
18 2 3
18 6 4
18 16 4.5
18 32 4
18 34 2.5
18 36 4
18 47 4.5
18 50 5
18 70 3.5
18 104 2.5
18 110 4.5
18 111 4
18 145 3.5
18 163 4
18 165 4
18 180 4
18 208 3
18 223 4
18 231 2.5
18 235 4.5
18 260 4
18 288 4
18 293 4.5
18 296 4
18 318 5
18 329 4
18 337 4
18 344 2.5
18 356 4.5
18 364 3
18 367 2.5
18 370 3
18 374 2.5
18 377 2.5
18 380 2.5
18 431 4
18 435 2
18 442 3
18 457 3.5
18 466 2.5
18 480 3.5
18 500 3.5
18 502 2
18 508 4
18 527 4.5
18 541 4
18 555 4
18 586 3.5
18 588 3.5
18 589 4.5
18 590 4
18 593 4.5
18 595 3
18 608 4.5
18 628 3.5
18 648 3
18 653 3
18 673 3
18 745 4
18 778 4.5
18 780 4
18 784 2
18 849 3.5
18 858 4
18 904 4.5
18 908 4
18 913 4
18 919 4
18 923 5
18 924 4
18 1020 3.5
18 1036 4
18 1059 3.5
18 1080 4.5
18 1086 4
18 1089 4
18 1095 4
18 1136 4.5
18 1148 4.5
18 1193 4.5
18 1196 4
18 1198 4
18 1201 5
18 1203 5
18 1206 4.5
18 1207 4.5
18 1208 3.5
18 1209 5
18 1210 4.5
18 1212 4.5
18 1213 4.5
18 1214 4
18 1219 4.5
18 1221 5
18 1222 4.5
18 1223 4.5
18 1227 4.5
18 1234 4.5
18 1240 4
18 1245 4
18 1246 4
18 1247 4.5
18 1252 4
18 1260 4
18 1270 4
18 1275 3.5
18 1276 4
18 1291 4
18 1356 4.5
18 1370 3.5
18 1371 4
18 1374 4.5
18 1375 3.5
18 1391 3
18 1466 4
18 1517 2.5
18 1527 3.5
18 1544 3.5
18 1580 3.5
18 1608 3
18 1617 4
18 1625 3.5
18 1653 3.5
18 1676 3.5
18 1682 3
18 1704 4
18 1721 4
18 1729 4
18 1732 4.5
18 1784 3.5
18 1805 3.5
18 1892 4
18 1917 3
18 1918 3.5
18 1924 2.5
18 1954 4
18 1961 4
18 2000 4
18 2001 3.5
18 2002 3.5
18 2011 3.5
18 2012 3
18 2019 4
18 2028 4
18 2058 3.5
18 2115 4
18 2184 3
18 2194 3.5
18 2268 4
18 2278 3.5
18 2291 4
18 2324 4.5
18 2329 4
18 2409 4
18 2410 3.5
18 2411 3
18 2412 3
18 2420 4
18 2421 3
18 2422 3
18 2470 3
18 2490 3.5
18 2542 4.5
18 2571 4.5
18 2683 2.5
18 2692 3
18 2706 3.5
18 2762 4.5
18 2918 3.5
18 2951 4.5
18 2953 3
18 2959 4.5
18 2997 4
18 3052 4.5
18 3081 4
18 3147 4
18 3253 3
18 3257 3
18 3275 4.5
18 3462 4
18 3578 4.5
18 3681 4.5
18 3702 3.5
18 3751 3.5
18 3785 2
18 3793 4
18 3896 4
18 3949 4.5
18 3994 2.5
18 4007 4
18 4011 4.5
18 4226 4.5
18 4239 4
18 4262 4
18 4306 4
18 4327 4
18 4383 4
18 4643 3
18 4728 3
18 4816 3
18 4886 4
18 4896 3.5
18 4963 4
18 4973 4
18 4993 4.5
18 4995 4.5
18 5008 4.5
18 5120 4.5
18 5218 4
18 5266 3.5
18 5349 4
18 5418 4
18 5445 4
18 5459 2.5
18 5464 4
18 5481 3
18 5574 3.5
18 5608 4
18 5669 3.5
18 5679 4
18 5816 3.5
18 5903 3.5
18 5944 2.5
18 5952 3.5
18 5956 4
18 5989 4
18 5995 4.5
18 6287 3
18 6300 4.5
18 6333 4
18 6365 3.5
18 6373 3.5
18 6377 4
18 6378 3
18 6440 4.5
18 6534 3
18 6539 4.5
18 6548 2
18 6709 3
18 6787 4
18 6807 4.5
18 6863 3.5
18 6870 4
18 6874 3.5
18 6888 0.5
18 6934 3
18 7018 3.5
18 7147 4.5
18 7153 4.5
18 7254 4.5
18 7293 3
18 7317 3
18 7318 2.5
18 7323 3
18 7361 4
18 7373 3.5
18 7438 3.5
18 7753 3.5
18 7843 4.5
18 8117 4
18 8360 3.5
18 8361 3
18 8368 3.5
18 8641 2.5
18 8644 3.5
18 8665 4
18 8784 3.5
18 8798 4
18 8917 3.5
18 8950 4
18 8957 3.5
18 8958 4
18 8961 3.5
18 8984 3
18 26444 3.5
18 26614 3.5
18 27689 2.5
18 27716 4.5
18 27773 3.5
18 27831 3.5
18 27878 4.5
18 30793 4
18 30812 4
18 31685 2
18 32460 3.5
18 32587 3.5
18 33004 3
18 33615 3.5
18 33794 4.5
18 34150 3.5
18 34405 3.5
18 36519 3
18 36529 4
18 37386 1.5
18 37729 4
18 37733 4
18 37741 4
18 38038 4
18 38061 4
18 40819 4
18 44022 3.5
18 44191 4.5
18 44199 4.5
18 44555 4
18 44665 4.5
18 45499 4
18 45517 3.5
18 45722 4
18 46578 3.5
18 46965 1
18 47200 3
18 47491 4
18 48394 4
18 48516 4.5
18 48780 4.5
18 49651 3.5
18 50872 3.5
18 51357 4
18 51540 4.5
18 51662 3.5
18 52604 4.5
18 53125 3.5
18 53129 3
18 53318 2.5
18 53464 2.5
18 53972 3
18 53996 3
18 54272 3.5
18 54286 4
18 55118 4.5
18 55247 3.5
18 55276 4
18 55290 4.5
18 55765 4.5
18 56757 4
18 57528 2.5
18 57640 3.5
18 57669 4
18 58295 3.5
18 58299 4
18 58559 4
18 59315 4
18 59615 2.5
18 59784 4
18 60040 3.5
18 60074 2.5
18 60684 3.5
18 60756 3
18 62434 3.5
18 63131 3.5
18 64197 4.5
18 64614 3.5
18 64839 3.5
18 64957 3.5
18 65596 4
18 66934 4
18 67255 4.5
18 68073 4.5
18 68157 3.5
18 68159 4
18 68319 4
18 68358 3.5
18 68954 4
18 69122 3
18 69640 4
18 69757 4
18 69951 3.5
18 70286 3.5
18 71108 4.5
18 71156 3
18 71899 4.5
18 72011 3.5
18 72378 3
18 72998 4
18 73017 4.5
18 73268 3.5
18 73321 3.5
18 73323 4.5
18 73499 3.5
18 74458 4.5
18 74510 4.5
18 74789 3.5
18 74948 4
18 76077 3
18 76175 2.5
18 76251 4.5
18 77561 4
18 78469 3
18 78499 4
18 79132 4.5
18 79293 3
18 79592 3
18 79695 3.5
18 79702 4
18 80219 3.5
18 80489 4
18 81788 4.5
18 83349 3
18 84392 4.5
18 85354 4
18 85414 3.5
18 86190 3.5
18 86332 3.5
18 86628 4
18 86880 3
18 87232 4
18 88094 3
18 88129 3
18 88140 4
18 89745 4
18 90600 4
18 91485 3.5
18 91500 4
18 91529 4
18 91542 4
18 91658 3.5
18 92094 3.5
18 95441 2.5
18 96432 4
18 96488 4
18 96610 3
18 96655 4
18 97752 3.5
18 97938 3
18 98124 4
18 98585 3.5
18 98809 4
18 99114 4
18 99728 3.5
18 99813 4
18 102125 3.5
18 102445 4
18 102903 4
18 103253 3.5
18 103772 4
18 104241 3
18 104879 3
18 106072 3.5
18 106487 4
18 106489 3.5
18 106782 3
18 106839 4
18 107846 3.5
18 109374 4
18 109487 4.5
18 110102 3.5
18 111362 4
18 111759 3.5
18 112183 3.5
18 112334 4.5
18 112421 4
18 112552 4.5
18 112852 4.5
18 114060 3.5
18 114066 4
18 115713 4.5
18 116797 4.5
18 116823 3.5
18 117176 4
18 118900 3.5
18 119145 4
18 122886 4
18 122892 3.5
18 122900 4
18 122904 3.5
18 122918 4
18 122920 3
18 122924 4
18 122926 3.5
18 128620 3.5
18 134130 4.5
18 134853 3.5
18 135569 3.5
18 139385 3.5
18 140289 4
18 141688 4
18 142488 4.5
18 144210 4
18 145283 3.5
18 148626 4
18 150548 4
18 155168 4
18 157108 4.5
18 157110 4.5
18 158238 4
18 158972 3.5
18 159093 3.5
18 160438 3
18 161582 4
18 162350 3.5
18 162606 3.5
18 164179 3
18 166015 3.5
18 166635 4
18 168252 4
18 171023 4
18 176101 3.5
18 177593 4.5
18 180095 3
18 180777 4.5
18 185135 4.5
19 1 4
19 2 3
19 3 3
19 7 2
19 10 2
19 12 1
19 13 3
19 15 2
19 19 2
19 32 4
19 34 4
19 44 3
19 47 3
19 48 1
19 54 2
19 64 2
19 65 2
19 70 2
19 87 2
19 92 2
19 102 1
19 104 2
19 107 2
19 118 3
19 135 3
19 141 1
19 153 2
19 158 3
19 161 2
19 165 3
19 170 3
19 173 1
19 185 2
19 186 2
19 196 2
19 208 2
19 216 2
19 223 3
19 231 2
19 235 4
19 252 3
19 253 3
19 256 1
19 258 3
19 260 4
19 273 1
19 289 2
19 291 2
19 293 4
19 295 3
19 316 2
19 319 1
19 325 2
19 328 2
19 329 2
19 330 3
19 332 2
19 333 2
19 338 2
19 339 3
19 344 2
19 348 2
19 350 2
19 351 2
19 353 5
19 356 2
19 357 4
19 362 2
19 364 3
19 366 2
19 367 4
19 368 3
19 370 3
19 372 1
19 374 2
19 377 4
19 378 3
19 379 2
19 380 3
19 407 3
19 410 2
19 414 2
19 420 2
19 422 3
19 423 3
19 427 3
19 432 3
19 434 3
19 435 2
19 440 3
19 442 3
19 445 2
19 450 2
19 455 2
19 457 4
19 466 3
19 468 3
19 472 2
19 474 3
19 480 2
19 485 2
19 486 2
19 490 2
19 494 2
19 497 3
19 500 2
19 512 2
19 513 3
19 520 2
19 537 1
19 539 3
19 540 1
19 541 4
19 542 2
19 543 3
19 546 2
19 551 5
19 558 2
19 575 2
19 586 3
19 587 3
19 588 3
19 589 5
19 592 5
19 597 3
19 606 2
19 610 3
19 611 2
19 627 2
19 637 2
19 640 1
19 648 3
19 653 2
19 661 3
19 671 2
19 673 1
19 674 4
19 708 3
19 709 2
19 711 3
19 719 2
19 720 4
19 724 4
19 733 3
19 736 2
19 742 3
19 743 2
19 745 4
19 761 3
19 762 1
19 783 4
19 785 2
19 788 2
19 798 2
19 799 3
19 810 1
19 818 4
19 829 2
19 830 2
19 832 2
19 837 4
19 839 1
19 842 2
19 849 2
19 852 4
19 866 2
19 879 1
19 880 2
19 881 1
19 903 5
19 904 5
19 906 3
19 910 4
19 911 3
19 913 5
19 915 2
19 921 3
19 924 3
19 930 3
19 931 4
19 933 4
19 965 2
19 984 2
19 986 3
19 1016 3
19 1020 3
19 1021 2
19 1028 2
19 1031 2
19 1032 1
19 1037 1
19 1047 3
19 1049 2
19 1057 3
19 1064 2
19 1073 4
19 1077 3
19 1079 4
19 1081 2
19 1086 4
19 1089 3
19 1092 2
19 1097 5
19 1127 3
19 1129 3
19 1136 3
19 1148 4
19 1179 2
19 1193 4
19 1196 4
19 1197 5
19 1198 5
19 1200 3
19 1210 3
19 1214 4
19 1215 3
19 1219 4
19 1234 4
19 1238 3
19 1240 4
19 1256 4
19 1257 3
19 1258 2
19 1259 3
19 1265 4
19 1267 3
19 1269 4
19 1270 4
19 1278 4
19 1285 5
19 1291 5
19 1297 4
19 1307 3
19 1322 2
19 1324 2
19 1330 2
19 1333 3
19 1339 2
19 1342 2
19 1345 3
19 1346 2
19 1347 2
19 1355 2
19 1356 3
19 1359 3
19 1367 1
19 1371 3
19 1372 5
19 1373 1
19 1374 5
19 1375 3
19 1376 4
19 1377 3
19 1378 3
19 1379 2
19 1380 3
19 1391 3
19 1394 3
19 1396 3
19 1405 2
19 1407 3
19 1409 3
19 1427 1
19 1441 3
19 1456 2
19 1457 3
19 1461 3
19 1474 2
19 1479 3
19 1485 3
19 1489 2
19 1499 1
19 1500 2
19 1517 3
19 1527 5
19 1542 2
19 1544 1
19 1550 2
19 1551 2
19 1552 3
19 1556 1
19 1562 1
19 1566 4
19 1569 3
19 1573 4
19 1580 2
19 1583 3
19 1584 3
19 1588 2
19 1590 1
19 1591 2
19 1593 2
19 1597 2
19 1603 2
19 1610 3
19 1614 2
19 1617 4
19 1625 4
19 1644 2
19 1645 2
19 1648 2
19 1653 4
19 1658 5
19 1663 3
19 1665 1
19 1676 2
19 1679 2
19 1681 3
19 1688 3
19 1689 2
19 1690 1
19 1702 3
19 1717 3
19 1718 2
19 1722 3
19 1732 3
19 1747 2
19 1748 3
19 1754 2
19 1777 3
19 1779 2
19 1783 1
19 1784 2
19 1798 1
19 1805 3
19 1806 2
19 1812 3
19 1816 1
19 1831 2
19 1834 3
19 1845 3
19 1848 2
19 1855 2
19 1862 1
19 1881 1
19 1882 2
19 1885 2
19 1888 2
19 1891 2
19 1892 2
19 1894 2
19 1895 2
19 1906 2
19 1907 3
19 1909 3
19 1911 2
19 1917 2
19 1918 3
19 1919 2
19 1920 3
19 1921 3
19 1923 4
19 1924 2
19 1963 3
19 1967 5
19 1968 2
19 1970 3
19 1971 3
19 1972 1
19 1973 2
19 1991 2
19 1994 3
19 2000 3
19 2001 2
19 2002 3
19 2003 3
19 2004 3
19 2005 4
19 2011 2
19 2012 3
19 2014 2
19 2015 3
19 2016 3
19 2026 2
19 2027 1
19 2033 3
19 2034 2
19 2036 2
19 2037 4
19 2040 2
19 2041 4
19 2044 3
19 2046 2
19 2048 3
19 2052 2
19 2053 2
19 2054 3
19 2060 3
19 2065 2
19 2072 2
19 2078 2
19 2081 4
19 2082 3
19 2088 3
19 2092 2
19 2094 4
19 2097 3
19 2100 3
19 2105 3
19 2108 3
19 2110 3
19 2111 3
19 2115 3
19 2118 2
19 2123 3
19 2133 3
19 2134 2
19 2137 4
19 2139 3
19 2140 4
19 2143 3
19 2144 3
19 2145 2
19 2148 2
19 2150 3
19 2153 3
19 2167 3
19 2169 2
19 2171 2
19 2174 4
19 2184 3
19 2186 4
19 2193 3
19 2203 3
19 2206 3
19 2227 3
19 2232 3
19 2243 2
19 2244 2
19 2245 3
19 2248 3
19 2249 3
19 2253 4
19 2255 2
19 2261 2
19 2263 2
19 2266 3
19 2267 2
19 2279 2
19 2287 3
19 2294 3
19 2302 3
19 2315 2
19 2320 3
19 2321 3
19 2328 2
19 2335 3
19 2338 1
19 2354 2
19 2355 3
19 2359 4
19 2369 2
19 2371 4
19 2372 1
19 2374 2
19 2375 2
19 2387 3
19 2393 3
19 2394 3
19 2396 4
19 2406 3
19 2407 2
19 2413 3
19 2414 3
19 2416 3
19 2418 2
19 2423 4
19 2424 2
19 2428 3
19 2446 2
19 2450 2
19 2453 3
19 2455 2
19 2458 2
19 2463 2
19 2465 1
19 2467 3
19 2468 2
19 2470 3
19 2478 2
19 2485 3
19 2490 3
19 2491 4
19 2496 3
19 2502 2
19 2513 1
19 2518 2
19 2528 2
19 2539 2
19 2548 2
19 2550 3
19 2555 1
19 2558 2
19 2571 4
19 2572 3
19 2581 3
19 2605 2
19 2606 4
19 2614 1
19 2617 3
19 2622 3
19 2628 3
19 2640 3
19 2641 3
19 2642 1
19 2643 1
19 2657 3
19 2668 2
19 2672 3
19 2683 3
19 2687 2
19 2694 2
19 2699 3
19 2700 4
19 2701 1
19 2706 3
19 2709 2
19 2710 2
19 2716 4
19 2717 1
19 2719 2
19 2720 1
19 2722 2
19 2723 5
19 2733 2
19 2746 3
19 2754 1
19 2762 4
19 2763 4
19 2788 2
19 2791 2
19 2793 2
19 2797 3
19 2802 3
19 2804 3
19 2806 2
19 2808 2
19 2822 2
19 2836 3
19 2840 2
19 2857 3
19 2858 4
19 2860 2
19 2867 3
19 2870 3
19 2883 3
19 2888 3
19 2898 2
19 2900 2
19 2901 1
19 2915 2
19 2916 3
19 2918 5
19 2936 4
19 2953 3
19 2959 5
19 2968 5
19 2985 3
19 2987 5
19 2995 2
19 2997 4
19 3005 2
19 3016 3
19 3017 2
19 3031 2
19 3032 3
19 3033 2
19 3034 3
19 3035 4
19 3039 3
19 3040 3
19 3044 3
19 3048 2
19 3052 3
19 3056 4
19 3063 2
19 3064 2
19 3070 5
19 3072 2
19 3081 3
19 3082 2
19 3087 3
19 3101 1
19 3104 2
19 3108 4
19 3113 2
19 3114 2
19 3146 1
19 3156 1
19 3175 4
19 3176 1
19 3190 1
19 3203 2
19 3213 4
19 3219 2
19 3225 3
19 3238 1
19 3243 3
19 3247 3
19 3248 2
19 3253 2
19 3254 2
19 3255 2
19 3257 2
19 3258 2
19 3263 2
19 3264 3
19 3269 2
19 3273 2
19 3300 3
19 3301 2
19 3308 2
19 3316 2
19 3324 2
19 3355 2
19 3358 5
19 3361 2
19 3370 2
19 3387 2
19 3393 1
19 3394 3
19 3395 3
19 3396 5
19 3397 2
19 3398 2
19 3400 3
19 3401 2
19 3409 2
19 3418 3
19 3421 4
19 3424 2
19 3440 2
19 3448 3
19 3450 3
19 3454 2
19 3466 2
19 3471 4
19 3476 3
19 3477 5
19 3479 3
19 3481 2
19 3483 2
19 3484 2
19 3489 2
19 3497 2
19 3499 3
19 3500 2
19 3501 2
19 3505 3
19 3510 3
19 3515 3
19 3526 2
19 3534 2
19 3535 2
19 3536 2
19 3548 2
19 3550 3
19 3551 3
19 3578 3
19 3584 2
19 3591 2
19 3594 2
19 3608 3
19 3622 3
19 3623 2
19 3624 3
19 3662 3
19 3671 3
19 3683 3
19 3685 3
19 3686 3
19 3692 3
19 3693 2
19 3698 2
19 3699 2
19 3701 2
19 3704 2
19 3705 2
19 3706 3
19 3708 2
19 3712 3
19 3717 2
19 3740 2
19 3743 2
19 3744 2
19 3745 4
19 3751 3
19 3752 3
19 3754 4
19 3763 3
19 3770 2
19 3784 2
19 3785 1
19 3793 4
19 3797 3
19 3798 2
19 3802 2
19 3809 3
19 3825 3
19 3826 1
19 3835 2
19 3837 1
19 3839 1
20 2 3
20 8 1
20 13 4
20 34 4
20 48 5
20 107 3.5
20 158 3
20 239 4.5
20 262 4.5
20 317 3.5
20 362 4
20 364 5
20 531 4.5
20 551 5
20 586 3
20 588 5
20 594 5
20 595 5
20 596 4.5
20 661 5
20 709 3
20 720 5
20 783 3.5
20 801 2.5
20 837 4
20 899 4
20 914 4.5
20 919 5
20 986 3.5
20 1010 3
20 1012 4
20 1013 4
20 1015 3.5
20 1018 3.5
20 1021 2
20 1022 4.5
20 1025 5
20 1028 4.5
20 1029 4.5
20 1030 3
20 1031 3
20 1032 3.5
20 1035 4.5
20 1073 5
20 1088 4.5
20 1097 5
20 1148 5
20 1282 4.5
20 1333 3.5
20 1367 3
20 1380 5
20 1489 4
20 1547 3
20 1566 4.5
20 1688 4.5
20 1722 3
20 1848 3
20 1876 2
20 1907 5
20 1919 3.5
20 1947 5
20 2005 5
20 2006 2
20 2018 4
20 2033 4
20 2048 3.5
20 2054 2.5
20 2059 3.5
20 2078 4.5
20 2080 4
20 2081 5
20 2083 5
20 2085 4
20 2087 4.5
20 2089 4.5
20 2090 3
20 2092 3
20 2096 4
20 2100 3.5
20 2116 2.5
20 2135 5
20 2137 4.5
20 2140 4
20 2141 4.5
20 2161 4.5
20 2167 2
20 2294 3.5
20 2300 5
20 2355 4
20 2394 5
20 2430 2
20 2565 3.5
20 2617 2.5
20 2657 5
20 2687 4.5
20 2700 4.5
20 2701 1
20 2709 5
20 2746 4.5
20 2761 4.5
20 2770 2.5
20 2804 5
20 2857 4
20 2941 4
20 2987 5
20 3034 5
20 3114 5
20 3157 3
20 3159 5
20 3189 3.5
20 3300 3
20 3301 3.5
20 3396 5
20 3397 5
20 3398 5
20 3408 3.5
20 3410 4
20 3438 4
20 3483 3.5
20 3510 3
20 3512 3
20 3535 1
20 3536 1.5
20 3549 5
20 3555 3
20 3565 3
20 3578 4.5
20 3615 2.5
20 3623 3
20 3624 2
20 3744 1
20 3751 5
20 3753 3
20 3755 4.5
20 3784 2.5
20 3793 3.5
20 3852 4
20 3882 2.5
20 3897 4.5
20 3948 3.5
20 3967 4.5
20 3972 3
20 3977 3.5
20 3986 2.5
20 3988 3.5
20 3990 0.5
20 3994 2.5
20 3996 3.5
20 3999 2
20 4014 4
20 4016 4.5
20 4019 4
20 4022 3.5
20 4025 3.5
20 4027 4
20 4029 4
20 4039 5
20 4054 2.5
20 4090 3.5
20 4154 4
20 4161 3.5
20 4226 3.5
20 4232 0.5
20 4246 5
20 4270 0.5
20 4299 3.5
20 4306 5
20 4308 3.5
20 4310 4
20 4344 3.5
20 4366 1.5
20 4367 0.5
20 4369 2
20 4370 3
20 4378 3.5
20 4446 3.5
20 4447 3
20 4449 2
20 4519 3.5
20 4638 1.5
20 4641 3
20 4643 3
20 4700 4
20 4718 3
20 4720 3.5
20 4734 1
20 4776 3.5
20 4783 3.5
20 4816 3.5
20 4821 0.5
20 4846 2.5
20 4848 1.5
20 4865 3
20 4886 4
20 4896 4.5
20 4901 3.5
20 4979 4
20 4990 4
20 4993 5
20 4995 5
20 5013 4.5
20 5014 4
20 5015 4
20 5103 4
20 5110 3
20 5171 2
20 5218 5
20 5254 3
20 5293 3.5
20 5299 4
20 5313 0.5
20 5349 3
20 5364 4
20 5378 4
20 5388 4
20 5418 3
20 5419 0.5
20 5445 4.5
20 5463 2
20 5481 1
20 5502 3
20 5504 0.5
20 5507 0.5
20 5618 5
20 5630 3.5
20 5679 3.5
20 5693 4
20 5785 4
20 5816 4.5
20 5952 5
20 5989 4.5
20 5991 5
20 6143 4
20 6156 3
20 6157 2
20 6166 1.5
20 6170 4
20 6297 4
20 6333 4
20 6345 5
20 6358 3.5
20 6365 4
21 1 3.5
21 2 3.5
21 10 5
21 19 2.5
21 38 2.5
21 44 1
21 48 3
21 145 3
21 165 3.5
21 170 2
21 260 4.5
21 293 3
21 296 3.5
21 355 4
21 356 4.5
21 364 4
21 367 3
21 370 5
21 435 1
21 480 4
21 500 2.5
21 541 3.5
21 551 0.5
21 586 2.5
21 588 4
21 589 3.5
21 592 3.5
21 597 4
21 648 4.5
21 719 3.5
21 733 3.5
21 743 4
21 745 3
21 780 3.5
21 858 2.5
21 902 3
21 1036 3.5
21 1148 3
21 1196 4.5
21 1198 4
21 1200 2
21 1210 4.5
21 1214 1.5
21 1221 2.5
21 1230 2.5
21 1240 3.5
21 1265 3.5
21 1270 5
21 1291 4
21 1370 3.5
21 1391 0.5
21 1527 2.5
21 1544 4.5
21 1573 2.5
21 1580 4.5
21 1704 3.5
21 1721 3.5
21 1722 5
21 1909 2
21 1918 3.5
21 2000 3.5
21 2001 2.5
21 2002 3.5
21 2006 2.5
21 2011 5
21 2012 5
21 2023 2.5
21 2052 3
21 2087 2
21 2115 4
21 2167 3.5
21 2174 1
21 2273 3.5
21 2288 0.5
21 2355 3
21 2376 4.5
21 2378 2.5
21 2402 3
21 2403 2.5
21 2424 4
21 2529 4
21 2541 4
21 2571 4
21 2617 3.5
21 2628 4
21 2671 4
21 2683 2.5
21 2700 2.5
21 2706 5
21 2716 3.5
21 2717 4
21 2724 3
21 2762 0.5
21 2763 4
21 2858 2
21 2916 4
21 2947 4.5
21 2948 4.5
21 2949 4.5
21 2953 3
21 2959 2
21 2985 3.5
21 2989 4.5
21 2990 4.5
21 2991 4.5
21 2993 4.5
21 3000 0.5
21 3022 4
21 3082 5
21 3114 3.5
21 3253 4
21 3462 3
21 3489 3.5
21 3578 2.5
21 3617 2
21 3623 4
21 3633 4.5
21 3635 4.5
21 3638 4.5
21 3639 4.5
21 3697 2.5
21 3793 3.5
21 3868 4
21 3869 4
21 3948 3.5
21 3984 4.5
21 3988 1
21 4005 4
21 4040 2.5
21 4085 3.5
21 4306 4
21 4446 3.5
21 4489 4.5
21 4545 4
21 4621 2.5
21 4638 4
21 4700 3
21 4701 3.5
21 4718 4.5
21 4886 3.5
21 4896 4
21 4963 4.5
21 4973 3
21 4993 1.5
21 5218 4
21 5219 3
21 5254 3
21 5266 1
21 5349 3
21 5378 4
21 5418 4
21 5445 4.5
21 5459 4.5
21 5481 3
21 5574 4
21 5796 2
21 5816 4
21 5872 5
21 5952 2
21 5989 3.5
21 6155 3.5
21 6166 2
21 6365 3.5
21 6373 3
21 6503 3.5
21 6539 4
21 6548 3.5
21 6874 1.5
21 6934 4
21 6942 4
21 7143 4
21 7153 1.5
21 7373 3
21 7438 1.5
21 7569 4.5
21 7570 4.5
21 7573 5
21 7701 2.5
21 8360 4
21 8368 4
21 8529 4.5
21 8574 0.5
21 8636 3
21 8644 4
21 8665 4
21 8798 4
21 8946 3
21 8961 3.5
21 8972 4
21 8984 4.5
21 26340 3
21 30793 3.5
21 30816 3
21 30825 3.5
21 31433 3.5
21 31685 3.5
21 32296 3.5
21 32587 3
21 33004 4.5
21 33493 4.5
21 33615 4
21 33679 4
21 33794 3.5
21 34048 3.5
21 34150 3
21 34162 3
21 36519 3.5
21 38038 1.5
21 39715 2.5
21 40629 1.5
21 40815 4
21 41566 3
21 44022 3.5
21 44191 2.5
21 45186 3.5
21 45447 3.5
21 45499 3.5
21 45672 3
21 46972 3.5
21 47566 4
21 47997 5
21 49272 4
21 49286 3.5
21 50189 2
21 50872 3.5
21 51084 3.5
21 51662 3.5
21 52730 0.5
21 52973 3.5
21 53121 4.5
21 53125 4
21 53322 4.5
21 53972 3
21 53996 3.5
21 54276 3.5
21 54286 4
21 56775 3.5
21 57640 3
21 58025 2
21 58559 3.5
21 58998 4.5
21 59315 4
21 59369 3
21 59429 2.5
21 59615 4
21 59784 3.5
21 59900 3
21 60074 3.5
21 60397 3.5
21 61160 1
21 63082 3.5
21 63113 3.5
21 63859 3.5
21 64032 2.5
21 66934 0.5
21 68791 3.5
21 68793 3.5
21 68954 4.5
21 69122 3.5
21 69406 3.5
21 69526 3.5
21 69644 4
21 69844 4
21 70286 3.5
21 72378 3.5
21 72641 3
21 72998 4
21 73017 2.5
21 73106 2
21 73319 3
21 73321 3.5
21 73858 1.5
21 74789 2.5
21 76093 3.5
21 76251 2.5
21 77561 4
21 78469 3.5
21 78499 4
21 78637 4.5
21 79132 3.5
21 79134 2
21 79185 4
21 79293 3.5
21 79592 3.5
21 80166 3
21 80463 3
21 81229 3.5
21 81564 2.5
21 81591 1
21 81834 3
21 81845 3.5
21 82202 4
21 84152 3.5
21 85259 4
21 86068 0.5
21 87232 3.5
21 87520 3.5
21 88125 4
21 88140 3.5
21 88405 2.5
21 88744 3
21 89745 4
21 90249 3.5
21 91500 3.5
21 91529 3.5
21 91535 3.5
21 91630 4
21 93510 3
21 94503 3
21 94677 4
21 94777 4
21 95067 3
21 95167 3.5
21 95170 4
21 95441 3.5
21 95510 3.5
21 95738 3
21 96004 2
21 96079 4
21 96588 3.5
21 97913 2
21 97938 3.5
21 98124 3.5
21 99114 3.5
21 99532 1.5
21 101864 4.5
21 102125 3.5
21 102481 4
21 102716 3
21 102993 2
21 103141 4
21 103228 3.5
21 103253 3
21 103335 4
21 103339 3.5
21 103372 3.5
21 103384 4
21 103801 0.5
21 103810 3.5
21 103819 1.5
21 103883 3.5
21 104211 4
21 104374 3.5
21 104841 4
21 105213 2
21 105653 4
21 105844 2
21 105954 3.5
21 106072 3.5
21 106487 4
21 106489 3
21 106491 3.5
21 106540 2.5
21 106696 4
21 106782 3
21 106916 3
21 106918 3.5
21 106920 2.5
21 107013 0.5
21 107141 4
21 107449 1.5
21 108156 3
21 108190 3.5
21 108932 1
21 108945 3
21 109374 3.5
21 109487 3
21 109576 2.5
21 109723 3.5
21 109864 1.5
21 110102 3.5
21 110130 4
21 110553 3
21 111113 2.5
21 111362 3.5
21 111617 4
21 111743 3.5
21 111759 4.5
21 111781 4.5
21 111844 3.5
21 112006 3.5
21 112138 3.5
21 112175 3.5
21 112852 4
21 114180 3.5
21 114818 1
21 115149 3.5
21 115502 3.5
21 115617 4
21 115877 3.5
21 116797 2.5
21 116823 3.5
21 117368 3.5
21 117529 4
21 117572 2.5
21 117590 3.5
21 117851 3
21 117922 3.5
21 119141 0.5
21 119145 4
21 119155 3.5
21 119964 2
21 122882 3.5
21 122886 4
21 122892 3.5
21 122896 4
21 122900 3.5
21 122904 3.5
21 122922 4
21 126548 3
21 130450 3
21 132157 2.5
21 133419 3
21 134368 3.5
21 134393 2.5
21 134853 4
21 135133 3.5
21 135536 3.5
21 135861 0.5
21 135887 4.5
21 136016 3
21 136020 4
21 138036 3.5
21 138186 0.5
21 139642 0.5
21 139717 0.5
21 139915 2.5
21 140301 3
21 142536 2.5
21 143245 1.5
21 143385 4
21 148675 2
21 149380 1.5
21 152081 4
21 160565 1
21 160872 0.5
21 164179 4
21 164909 3.5
21 166492 3.5
21 167036 4
21 168248 3.5
21 168252 3
21 173307 0.5
22 107 4.5
22 216 4
22 253 4
22 318 5
22 356 5
22 541 5
22 858 3
22 1042 3
22 1193 5
22 1223 4
22 1952 5
22 1953 4.5
22 2058 0.5
22 2160 4
22 2300 4
22 2541 3.5
22 2723 2
22 2959 3.5
22 2968 3
22 3006 4
22 3210 3.5
22 3481 0.5
22 3489 5
22 3578 4
22 3751 4
22 3911 4
22 3949 0.5
22 3996 4.5
22 4017 4
22 4027 2.5
22 4034 4.5
22 4036 4.5
22 4226 3
22 4306 3
22 4848 4.5
22 4878 1.5
22 4886 3.5
22 4903 4
22 4979 3.5
22 4993 1
22 4995 3.5
22 5013 0.5
22 5015 0.5
22 5388 3
22 5418 3.5
22 5464 2
22 5617 3.5
22 5669 4.5
22 5673 0.5
22 5816 0.5
22 5902 3.5
22 6377 3.5
22 6502 1.5
22 6539 2.5
22 6711 4
22 6870 4
22 6874 4
22 7147 0.5
22 7153 1
22 7361 3.5
22 7438 5
22 8464 0.5
22 8622 0.5
22 8784 2
22 8798 4
22 8958 2
22 8961 4
22 8970 3.5
22 30707 2
22 30749 0.5
22 31410 1
22 31658 2.5
22 33004 1
22 33794 2.5
22 34437 3
22 36529 2.5
22 37733 2.5
22 37741 3.5
22 38038 0.5
22 39183 2.5
22 41997 3
22 44191 0.5
22 46976 1
22 48394 1.5
22 48516 2.5
22 48780 4
22 49272 5
22 50872 1.5
22 51540 0.5
22 52281 0.5
22 53519 0.5
22 54286 2.5
22 54503 3.5
22 55290 1
22 55765 1
22 55820 4
22 56171 0.5
22 56367 0.5
22 56782 4
22 56788 1
22 58559 3
22 59315 0.5
22 60069 2
22 60766 0.5
22 60950 1
22 61323 0.5
22 63082 0.5
22 64575 3.5
22 66097 2
22 68157 4
22 68358 0.5
22 68536 4
22 68954 2
22 69122 0.5
22 69757 0.5
22 70286 0.5
22 71464 0.5
22 72998 3.5
22 74789 0.5
23 6 4
23 29 4
23 32 3.5
23 50 4
23 58 3
23 175 3
23 272 4
23 293 4
23 296 3.5
23 300 3
23 334 4
23 431 3
23 454 2.5
23 541 5
23 608 3.5
23 741 4
23 750 3
23 778 4
23 858 3.5
23 866 3
23 904 3.5
23 912 3.5
23 913 4
23 923 4
23 924 4
23 1036 3
23 1050 3.5
23 1080 3.5
23 1089 4
23 1136 3
23 1175 4
23 1193 3.5
23 1199 4
23 1200 3
23 1203 3
23 1206 4
23 1208 4
23 1212 5
23 1213 3
23 1214 4
23 1217 3.5
23 1218 3.5
23 1221 3.5
23 1222 5
23 1232 5
23 1233 5
23 1237 4
23 1243 3.5
23 1245 3.5
23 1248 3
23 1249 3.5
23 1252 4.5
23 1258 5
23 1266 4
23 1274 4
23 1284 5
23 1425 3
23 1464 4
23 1617 3.5
23 1711 4
23 1748 3.5
23 1809 3.5
23 1859 3.5
23 1884 3
23 1952 3
23 1960 3
23 2019 3
23 2194 3
23 2467 4
23 2542 3
23 2579 4
23 2686 4
23 2726 4
23 2730 2
23 2761 3.5
23 2912 3.5
23 2951 3
23 3000 3.5
23 3030 3
23 3108 3.5
23 3181 3.5
23 3265 4.5
23 3424 3
23 3462 3
23 3681 3.5
23 3822 3.5
23 3949 5
23 3996 3.5
23 4027 3
23 4226 4.5
23 4235 4
23 4973 3.5
23 5013 3
23 5333 4
23 5618 4
23 5782 4
23 5971 4
23 6234 3.5
23 6387 3
23 6440 5
23 6721 3
23 6773 4.5
23 6790 3.5
23 6807 3.5
23 6857 3.5
23 6874 3
23 6920 3
23 6989 3.5
23 7064 3.5
23 7069 3
23 7099 4
23 7123 4.5
23 7438 3
23 7587 5
23 7924 3.5
23 7932 3
23 8012 4
23 8228 4
23 8370 4
23 8636 3
23 8961 3
24 6 4.5
24 32 3.5
24 50 4
24 165 3.5
24 253 3.5
24 296 4
24 316 3.5
24 318 4.5
24 356 4.5
24 457 3.5
24 552 3.5
24 593 4.5
24 608 4
24 733 3
24 780 3.5
24 1047 2
24 1197 4
24 1198 4.5
24 1220 3.5
24 1246 4
24 1265 4.5
24 1297 3
24 1370 3.5
24 1396 4
24 1527 4
24 1580 4
24 1639 3
24 1653 3
24 1663 3.5
24 1682 3.5
24 1704 4
24 1784 4
24 2028 4
24 2115 4
24 2134 3
24 2273 3.5
24 2405 2.5
24 2421 3.5
24 2424 4
24 2571 4
24 2617 3.5
24 2686 4
24 2916 3.5
24 3147 4.5
24 3556 2
24 3578 4
24 4027 4
24 4262 4
24 4299 3.5
24 4489 4
24 4701 3.5
24 4855 4
24 4973 3.5
24 4995 3.5
24 5064 4.5
24 5418 4
24 5445 3
24 5673 4
24 5791 4
24 5903 3
24 5943 2
24 6350 4.5
24 7143 4
24 7293 3.5
24 8784 3
24 27773 4.5
24 31685 3.5
24 31696 3
24 33679 3.5
24 34437 3.5
24 35836 4
24 38061 4
24 44191 4
24 45672 3
24 46976 4
24 47610 3
24 49272 3.5
24 51662 4
24 52973 3.5
24 54286 4
24 57368 3.5
24 58559 4
24 58998 4
24 59615 3.5
24 61024 3.5
24 61132 3
24 63113 3
24 64957 4
24 64969 3
24 68157 3
24 68358 4
24 69406 3
24 70286 4
24 72011 4
24 79132 4
24 86882 4
24 91529 4
24 91542 3.5
24 94777 4
24 96079 3.5
24 96610 3
24 102407 3.5
24 111759 3.5
24 119145 4
24 122886 3.5
24 132660 4
24 134130 4
24 134393 2.5
24 134853 4
24 139385 3
25 231 4
25 260 5
25 527 5
25 1198 5
25 2028 5
25 2571 5
25 3578 5
25 4993 5
25 5952 5
25 7153 5
25 58559 5
25 59315 4
25 60069 5
25 68157 5
25 68954 5
25 74458 4.5
25 79132 5
25 91529 5
25 116797 5
25 122912 5
25 122916 4.5
25 176371 4
25 177593 5
25 180095 5
25 187541 4
25 187593 5
26 10 3
26 34 3
26 47 4
26 150 3
26 153 3
26 165 4
26 185 3
26 208 2
26 225 3
26 288 3
26 296 4
26 300 3
26 344 3
26 349 3
26 356 3
26 380 3
26 434 2
26 454 4
26 457 4
26 592 4
26 593 4
27 1 3
27 2 4
27 34 5
27 48 4
27 60 3
27 62 5
27 126 2
27 158 2
27 238 3
27 260 4
27 316 4
27 356 5
27 364 4
27 367 4
27 421 3
27 455 3
27 480 4
27 590 4
27 595 4
27 648 4
27 661 3
27 673 2
27 736 3
27 745 5
27 780 3
27 783 4
27 801 2
27 808 4
27 902 4
27 911 5
27 913 4
27 920 4
27 924 2
27 969 4
27 986 4
27 1010 2
27 1015 4
27 1021 4
27 1022 4
27 1035 5
27 1083 4
27 1097 5
27 1101 4
27 1127 4
27 1148 5
27 1196 4
27 1197 5
27 1198 5
27 1200 1
27 1201 4
27 1207 5
27 1210 4
27 1222 1
27 1247 2
27 1250 4
27 1262 5
27 1270 5
27 1276 4
27 1287 5
27 1304 3
27 1356 3
27 1387 2
27 1396 3
27 1474 3
27 1566 2
27 1580 3
27 1584 4
27 1588 2
27 1592 3
27 1721 5
27 1876 4
27 1907 4
27 1920 2
27 1947 5
27 1960 3
27 2012 4
27 2032 2
27 2040 2
27 2046 4
27 2054 4
27 2059 3
27 2080 4
27 2085 3
27 2094 4
27 2100 4
27 2115 4
27 2142 3
27 2150 5
27 2151 5
27 2161 4
27 2174 2
27 2294 2
27 2311 2
27 2355 3
27 2406 4
27 2407 4
27 2478 5
27 2529 4
27 2530 3
27 2532 3
27 2565 5
27 2628 5
27 2640 4
27 2687 4
27 2709 3
27 2876 2
27 2886 2
27 2944 4
27 2951 4
27 2985 1
27 3033 2
27 3037 4
27 3062 4
27 3104 4
27 3114 4
27 3157 3
27 3168 2
27 3247 3
27 3350 4
27 3448 4
27 3451 5
27 3471 4
27 3479 4
27 3489 5
27 3508 4
27 3519 3
27 3555 4
27 3654 4
27 3681 4
27 3697 1
27 3751 3
27 3791 3
27 3809 1
27 3836 4
27 5060 2
28 6 3.5
28 16 2.5
28 21 3
28 23 1.5
28 31 2.5
28 32 3.5
28 47 3
28 50 3.5
28 62 3.5
28 95 2
28 110 3.5
28 145 1.5
28 147 2.5
28 161 3
28 172 3
28 211 3
28 224 3
28 253 3
28 260 4
28 290 3
28 293 4.5
28 296 4.5
28 300 2
28 316 4
28 318 3.5
28 337 3.5
28 345 4
28 349 3
28 353 3
28 356 4
28 377 1.5
28 428 2.5
28 442 1
28 456 2
28 457 3
28 474 2.5
28 475 4
28 480 2.5
28 481 3
28 507 4
28 508 3.5
28 524 3.5
28 527 3
28 529 3.5
28 541 4
28 553 3
28 555 3
28 589 4.5
28 590 4
28 592 2.5
28 593 2.5
28 599 3
28 608 3
28 635 3
28 647 2.5
28 678 3.5
28 714 3.5
28 724 1.5
28 733 1
28 736 2.5
28 778 3.5
28 780 3
28 851 2
28 858 4.5
28 898 3
28 899 2
28 924 3
28 996 2
28 1036 2
28 1042 2.5
28 1047 3.5
28 1080 3.5
28 1089 3
28 1092 2.5
28 1095 3
28 1101 3
28 1120 3
28 1129 2.5
28 1136 3.5
28 1171 3
28 1196 4
28 1197 2.5
28 1198 2.5
28 1199 2
28 1200 4
28 1201 4
28 1206 2.5
28 1208 3
28 1209 3
28 1210 4
28 1213 4
28 1214 3.5
28 1215 3.5
28 1221 4
28 1222 4
28 1230 2
28 1233 3.5
28 1234 3
28 1240 4.5
28 1245 3.5
28 1249 4
28 1253 3.5
28 1256 4
28 1266 4.5
28 1271 2
28 1275 2
28 1276 3.5
28 1303 3
28 1356 3.5
28 1358 4
28 1371 4
28 1374 2.5
28 1459 2.5
28 1466 3
28 1480 3
28 1517 2.5
28 1527 4.5
28 1580 3
28 1584 3.5
28 1587 2.5
28 1590 3
28 1608 2
28 1610 4.5
28 1617 3
28 1625 2
28 1641 2.5
28 1645 2.5
28 1653 3.5
28 1678 2
28 1682 1.5
28 1704 3
28 1729 2.5
28 1732 4
28 1748 3.5
28 1754 3
28 1785 3.5
28 1884 2.5
28 1921 4
28 1953 4
28 1994 2.5
28 2000 2
28 2012 2.5
28 2021 5
28 2023 3.5
28 2028 3.5
28 2058 2
28 2060 1.5
28 2105 4
28 2193 3.5
28 2194 3.5
28 2231 2.5
28 2232 2
28 2268 3
28 2272 2.5
28 2278 4
28 2329 2.5
28 2353 2.5
28 2358 4
28 2403 2
28 2412 2
28 2427 3.5
28 2490 4.5
28 2502 2
28 2539 1.5
28 2542 3
28 2571 4
28 2580 3.5
28 2618 3
28 2628 4
28 2683 2.5
28 2686 3
28 2701 1.5
28 2706 3
28 2716 1.5
28 2762 3
28 2763 2
28 2841 2.5
28 2858 4
28 2908 3
28 2912 2.5
28 2916 3
28 2944 3.5
28 2951 3
28 2952 2.5
28 2959 3.5
28 2968 4
28 2985 3
28 2997 2.5
28 3006 2.5
28 3020 3
28 3033 3
28 3052 3
28 3100 4
28 3105 2.5
28 3107 2
28 3147 2.5
28 3156 2.5
28 3169 2.5
28 3173 2
28 3174 2.5
28 3175 1.5
28 3176 3
28 3178 2.5
28 3198 3
28 3246 2.5
28 3250 4
28 3252 3
28 3256 2.5
28 3260 3
28 3271 3
28 3272 4
28 3275 3.5
28 3300 4
28 3317 2.5
28 3328 4
28 3360 4
28 3386 2.5
28 3408 3
28 3429 3.5
28 3499 3
28 3508 4.5
28 3510 3
28 3535 4
28 3543 2.5
28 3555 3.5
28 3556 3
28 3578 4
28 3681 3.5
28 3683 2.5
28 3702 3.5
28 3755 2
28 3783 4
28 3793 3.5
28 3911 3
28 3916 3.5
28 3949 2
28 3950 3
28 3967 4
28 3980 3
28 3994 3
28 3996 2.5
28 4011 3.5
28 4017 3
28 4019 3
28 4022 3.5
28 4027 3.5
28 4034 3
28 4047 3.5
28 4211 2
28 4223 4
28 4226 3.5
28 4238 2.5
28 4251 2
28 4327 3.5
28 4343 2.5
28 4344 1
28 4370 3
28 4378 3
28 4446 3.5
28 4626 3
28 4688 2.5
28 4772 3.5
28 4776 2
28 4787 2
28 4855 2.5
28 4874 3
28 4878 4
28 4881 2.5
28 4993 3
28 4995 3
28 5009 2.5
28 5010 4.5
28 5055 2.5
28 5152 4.5
28 5267 3
28 5292 3.5
28 5329 3
28 5349 3.5
28 5378 4
28 5418 3.5
28 5445 3.5
28 5446 3
28 5464 3
28 5502 3
28 5577 2
28 5617 2
28 5630 2.5
28 5632 3
28 5682 2.5
28 5747 3.5
28 5782 4.5
28 5903 3
28 5945 3
28 5952 3.5
28 5955 3
28 5956 2
28 5989 3.5
28 5995 3
28 6157 1.5
28 6281 1.5
28 6333 2.5
28 6365 3.5
28 6378 2
28 6428 3
28 6502 3
28 6534 2.5
28 6537 4
28 6539 2
28 6548 1.5
28 6552 2.5
28 6565 3.5
28 6617 4
28 6711 2.5
28 6796 2
28 6807 2.5
28 6817 3
28 6867 4
28 6870 3
28 6874 4
28 6884 3.5
28 6934 3.5
28 6947 3.5
28 6953 3
28 6957 3
28 6974 3
28 6993 1.5
28 6997 3
28 7009 3.5
28 7025 2.5
28 7090 2
28 7123 3
28 7143 3.5
28 7153 3.5
28 7263 3
28 7361 2.5
28 7438 4
28 7445 2
28 7458 4
28 7481 4.5
28 7649 2
28 7706 4
28 7841 4.5
28 7842 5
28 7884 2.5
28 8010 4
28 8132 4
28 8207 3.5
28 8361 2.5
28 8378 4
28 8493 3
28 8495 2.5
28 8633 4.5
28 8636 3
28 8641 3
28 8644 4
28 8665 3.5
28 8798 3.5
28 8810 3
28 8874 2
28 8914 2
28 8937 2.5
28 8949 2.5
28 8950 4
28 8951 3
28 8961 3.5
28 8970 3
28 8977 2.5
28 8982 3
28 8983 2
28 26614 4
28 26649 4
28 26695 3.5
28 26750 3.5
28 26812 3
28 26901 2.5
28 27408 2.5
28 27450 2.5
28 27611 4.5
28 27788 1
28 27793 2
28 27831 3.5
28 30707 4
28 30749 4
28 30812 3
28 31101 3
28 31116 3
28 31225 3
28 31420 2.5
28 32587 3.5
28 33004 3
28 33166 2
28 33493 4
28 33558 3
28 33660 4
28 33679 2
28 33794 4.5
28 34048 3.5
28 34150 3
28 34319 3
28 34405 4.5
28 34437 3.5
28 34536 2.5
28 36517 2.5
28 36527 3
28 36529 4
28 37386 3.5
28 37731 2.5
28 37739 3
28 37741 2
28 38061 4.5
28 38886 2
28 39381 3.5
28 39444 3.5
28 40278 3
28 40414 3
28 40583 2.5
28 40629 2
28 40819 2.5
28 41566 2.5
28 41569 2.5
28 41863 4.5
28 41997 3
28 42004 2.5
28 43396 4
28 43921 3
28 43928 3
28 43936 2.5
28 44191 3
28 44195 4.5
28 44199 2
28 44204 3
28 44665 3
28 44761 2
28 45658 2
28 46578 2
28 46723 2.5
28 47099 3
28 47629 2
28 47644 3
28 47894 3.5
28 48326 2.5
28 48385 4
28 48516 2.5
28 48738 3
28 48774 3
28 48780 1.5
28 48783 2.5
28 48879 2.5
28 49265 4
28 49272 3.5
28 49278 2.5
28 49530 4.5
28 49651 2.5
28 49822 3
28 49961 3
28 50068 3
28 50442 2
28 51080 2
28 51255 1
28 51471 3
28 51540 2
28 51662 4.5
28 51935 2.5
28 52042 2.5
28 52241 2
28 52281 2.5
28 52328 2.5
28 52604 2
28 52952 3.5
28 53123 5
28 53322 1.5
28 53550 2.5
28 53953 1
28 53972 2.5
28 54286 4
28 54503 3.5
28 54736 2.5
28 54962 2.5
28 54997 3.5
28 55080 2.5
28 55094 3.5
28 55116 3
28 55118 4
28 55247 3.5
28 55274 2.5
28 55276 2.5
28 55290 3
28 55363 3
28 55721 3.5
28 55765 2.5
28 55820 4.5
28 55908 3.5
28 56145 1
28 56174 4
28 56367 2.5
28 56587 3
28 56607 2.5
28 56782 3
28 56921 2
28 57368 2
28 57528 2
28 57640 4
28 57669 4
28 58293 0.5
28 58559 3.5
28 58803 3
28 59018 4.5
28 59129 2.5
28 59315 4.5
28 59369 4
28 59387 2
28 60040 3
28 60046 3.5
28 60069 4
28 60389 4
28 60647 2.5
28 60674 2.5
28 60684 4
28 60735 2.5
28 60753 3
28 60941 3
28 60943 4.5
28 61011 2
28 61024 2
28 61132 2
28 61167 4
28 61210 3.5
28 61236 2.5
28 61248 2
28 61323 2.5
28 61350 3.5
28 61352 3
28 61628 2
28 61986 3
28 62374 2.5
28 62376 2.5
28 62394 2
28 62792 2.5
28 62799 3
28 62849 3.5
28 63033 3.5
28 63062 3
28 63082 4
28 63113 3
28 63433 2
28 64030 3.5
28 64497 3
28 64575 2.5
28 64614 4
28 64716 4
28 64839 3
28 64957 4.5
28 64983 2.5
28 64997 3.5
28 65216 3.5
28 65682 2.5
28 65982 3
28 67534 3
28 68205 3
28 68237 3
28 68319 3.5
28 68358 3.5
28 68791 4.5
28 69849 3.5
28 70286 4.5
28 70336 1.5
28 71106 2.5
28 71135 3.5
28 72378 2
28 72998 5
29 50 3.5
29 150 4
29 165 4
29 170 3
29 296 3.5
29 316 4
29 318 4.5
29 356 4.5
29 750 4.5
29 780 4
29 858 4.5
29 904 4.5
29 914 4
29 924 5
29 953 5
29 1100 3.5
29 1136 4
29 1198 4.5
29 1201 5
29 1204 4.5
29 1208 4
29 1209 4.5
29 1213 4
29 1222 4
29 1224 4
29 1242 4
29 1250 5
29 1262 4.5
29 1270 4
29 1272 5
29 1303 4.5
29 1385 2
29 1408 5
29 1617 5
29 1772 1.5
29 1792 3
29 1939 4
29 1945 4.5
29 2028 5
29 2301 4
29 2420 3
29 2761 3.5
29 2872 4.5
29 2944 4
29 2951 4.5
29 3363 4.5
29 3441 3.5
29 3578 5
29 3591 3
29 3681 4
29 4223 4
29 4327 4
29 4980 2
29 5010 4
29 5464 4.5
29 5995 5
29 6502 4.5
29 6787 4.5
29 7156 4.5
29 7379 3.5
29 26554 4
29 26729 4
29 27611 5
29 48516 4.5
29 48774 4.5
29 51540 4
29 55820 4
29 56174 4
29 64620 4.5
29 68237 5
29 70286 4
29 80489 4
29 81845 4
29 82459 5
29 87232 3.5
29 87306 4.5
29 98961 4.5
29 99114 4.5
29 104841 4
29 111362 4.5
29 111759 4
30 110 5
30 260 5
30 318 5
30 589 3.5
30 1036 4
30 1196 5
30 1198 5
30 1200 3
30 1210 5
30 1240 3.5
30 1291 5
30 2571 5
30 4993 5
30 5952 5
30 7153 5
30 33794 5
30 58559 5
30 59315 5
30 60069 5
30 68358 5
30 68954 5
30 79132 5
30 91529 5
30 93510 5
30 95510 5
30 96821 5
30 97913 4
30 108932 4
30 109487 5
30 111759 5
30 112852 5
30 115617 5
30 116823 4
30 122904 5
31 1 5
31 5 3
31 7 4
31 10 4
31 17 3
31 25 2
31 62 4
31 141 4
31 165 4
31 339 4
31 344 3
31 377 5
31 588 5
31 605 4
31 612 3
31 648 5
31 733 5
31 736 4
31 780 4
31 783 4
31 784 5
31 788 2
31 852 4
31 912 5
31 1036 5
31 1057 5
31 1073 4
31 1099 2
31 1136 3
31 1196 4
31 1197 5
31 1198 4
31 1200 3
31 1214 4
31 1231 3
31 1240 4
31 1246 3
31 1265 2
31 1270 4
31 1278 5
31 1282 5
31 1302 4
31 1353 4
31 1356 4
31 1361 5
31 1363 5
31 1391 5
31 1393 3
31 1405 1
31 5060 5
32 1 3
32 3 3
32 6 3
32 7 4
32 21 4
32 24 3
32 25 4
32 26 4
32 32 4
32 36 4
32 39 3
32 50 5
32 52 3
32 58 5
32 62 3
32 74 4
32 78 4
32 95 3
32 100 4
32 140 3
32 141 4
32 153 3
32 194 5
32 203 4
32 224 4
32 236 3
32 246 4
32 252 3
32 260 5
32 265 5
32 272 5
32 282 4
32 296 5
32 314 4
32 318 5
32 327 3
32 337 3
32 339 4
32 345 5
32 353 3
32 357 3
32 361 4
32 376 3
32 410 3
32 440 4
32 471 3
32 497 5
32 527 4
32 529 4
32 538 5
32 539 4
32 553 3
32 592 5
32 593 5
32 608 5
32 627 4
32 628 3
32 648 3
32 653 3
32 661 3
32 694 3
32 708 4
32 719 3
32 733 4
32 736 3
32 761 4
32 780 3
32 784 3
32 786 3
32 788 1
32 799 3
32 802 4
32 849 2
32 852 4
32 880 3
32 912 5
32 996 3
32 1036 5
32 1061 4
32 1073 5
32 1079 4
32 1080 3
32 1084 4
32 1086 4
32 1103 4
32 1104 5
32 1183 3
32 1196 4
32 1197 5
32 1198 5
32 1224 3
32 1356 4
32 1367 3
32 1391 5
32 1393 4
32 1407 2
32 1409 4
32 1425 3
32 1429 4
32 1438 3
32 1458 4
32 1459 4
33 1 3
33 7 1
33 11 2
33 17 4
33 21 4
33 25 3
33 28 5
33 32 3
33 34 3
33 36 5
33 39 5
33 43 2
33 50 5
33 58 4
33 94 4
33 110 5
33 150 3
33 151 4
33 161 3
33 194 3
33 223 4
33 230 3
33 232 4
33 249 3
33 261 4
33 265 5
33 272 4
33 293 4
33 296 5
33 300 3
33 302 3
33 307 5
33 308 4
33 318 4
33 322 2
33 337 5
33 339 5
33 345 4
33 356 5
33 385 4
33 428 5
33 446 5
33 448 4
33 452 4
33 457 5
33 475 4
33 477 3
33 490 2
33 497 4
33 507 4
33 508 3
33 509 5
33 527 5
33 529 4
33 562 5
33 580 1
33 588 5
33 589 4
33 593 5
33 608 4
33 613 5
33 715 4
33 778 4
33 800 4
33 805 1
33 838 5
33 866 4
33 914 5
33 919 5
33 994 5
33 1027 3
33 1056 4
33 1059 4
33 1060 5
33 1095 4
33 1177 3
33 1183 3
33 1188 4
33 1210 5
33 1213 3
33 1245 5
33 1249 5
33 1271 3
33 1280 5
33 1357 4
33 1358 4
33 1365 3
33 1393 4
33 1399 2
33 1446 5
33 1476 3
33 1487 3
33 1500 4
33 1537 4
33 1542 4
33 1545 5
33 1580 3
33 1610 3
33 1614 2
33 1617 5
33 1621 2
33 1633 4
33 1639 5
33 1641 5
33 1643 3
33 1653 5
33 1658 2
33 1672 3
33 1673 5
33 1678 5
33 1682 4
33 1704 5
33 1719 5
33 1721 4
33 1777 4
33 1784 2
33 1799 3
33 1801 4
33 1805 2
33 1841 3
33 1885 4
33 1888 4
33 1918 3
33 1923 5
33 2028 5
33 2058 3
33 2080 4
33 2087 3
33 2108 2
33 2112 3
33 2268 4
33 2272 3
33 2291 2
33 2294 3
33 2302 3
33 2310 4
33 2324 3
33 2333 4
33 2336 2
33 2355 5
33 2357 5
33 2391 2
33 2396 4
33 2443 3
33 2485 2
33 2490 3
33 2501 2
33 2539 4
33 2542 4
33 2571 5
33 2580 5
33 2690 4
33 2724 3
33 2762 4
33 2875 4
33 2943 5
34 10 5
34 70 3.5
34 110 0.5
34 145 1
34 163 3
34 318 4
34 356 4
34 357 0.5
34 377 4.5
34 589 3.5
34 780 3
34 1036 2.5
34 1391 1
34 1527 4.5
34 1580 2.5
34 1682 2.5
34 1717 3.5
34 1721 0.5
34 1831 3
34 2006 4.5
34 2273 5
34 2324 2
34 2424 1
34 2443 4.5
34 2571 3
34 2617 4
34 2628 3.5
34 2671 3
34 2762 3
34 2953 2
34 2959 4
34 3000 4
34 3052 2.5
34 3489 3
34 3617 1.5
34 3624 4
34 3717 4.5
34 3793 5
34 3948 3
34 3977 4.5
34 3996 5
34 3997 2
34 4226 4.5
34 4246 4
34 4306 3.5
34 4310 0.5
34 4367 4.5
34 4369 3
34 4446 5
34 4447 4
34 4643 4
34 4720 4
34 4874 1
34 4973 4
34 5146 3
34 5349 5
34 5378 4
34 5449 2
34 5459 2
34 5952 1
34 6242 3.5
34 6333 5
34 6378 4.5
34 6387 4.5
34 6539 5
34 6567 3.5
34 6618 5
34 6711 5
34 6721 4.5
34 6857 4
34 6874 5
34 6934 0.5
34 7090 4.5
34 7438 4.5
34 7451 4.5
34 8622 2
34 8636 5
34 8957 2
34 26606 4.5
34 27193 4.5
34 27728 3
34 27801 5
34 31184 3
34 31685 2
34 44974 4.5
34 45499 5
35 11 4
35 21 5
35 39 3
35 50 5
35 60 5
35 62 5
35 150 5
35 185 5
35 222 4
35 231 3
35 235 4
35 236 4
35 237 3
35 252 4
35 261 5
35 266 2
35 300 4
35 316 3
35 339 5
35 342 4
35 590 5
35 592 4
35 595 3
36 25 2.5
36 315 0.5
36 318 4
36 544 3
36 548 3
36 552 2
36 904 3.5
36 908 3.5
36 919 1.5
36 996 2.5
36 1015 2
36 1086 3.5
36 1090 2.5
36 1094 1.5
36 1222 2.5
36 1234 4
36 1252 2
36 1262 4
36 1278 2.5
36 1358 2.5
36 1372 3
36 1376 2
36 1396 1.5
36 1485 0.5
36 1500 2
36 1597 2
36 1617 4.5
36 1704 3
36 1892 3.5
36 2012 2
36 2082 2
36 2194 2.5
36 2269 3
36 2302 1.5
36 2359 4.5
36 2376 4
36 2406 3
36 2581 2.5
36 2735 2
36 2794 3
36 3066 3.5
36 3270 1.5
36 3308 2
36 3347 4.5
36 3362 2.5
36 3363 4.5
36 3766 2
36 3798 3
36 3861 2
36 3897 4.5
36 4025 2
36 4085 2
36 4220 2
36 4995 1
36 5093 2.5
36 5171 3
36 5312 4
36 5464 1.5
36 5956 2
36 6662 3
37 150 5
37 153 3
37 165 5
37 231 5
37 292 4
37 296 5
37 316 5
37 318 4
37 329 3
37 344 5
37 349 4
37 356 4
37 380 2
37 457 4
37 590 4
37 592 3
37 593 5
37 661 3
37 671 5
37 1061 5
37 1073 4
38 11 5
38 17 3
38 21 3
38 39 3
38 48 3
38 50 5
38 62 3
38 105 3
38 110 5
38 150 4
38 151 5
38 153 3
38 161 4
38 163 1
38 168 4
38 193 1
38 203 3
38 208 1
38 222 3
38 223 5
38 224 4
38 235 4
38 237 3
38 246 5
38 252 2
38 253 1
38 266 1
38 273 2
38 282 3
38 292 3
38 296 3
38 300 4
38 317 3
38 318 5
38 329 3
38 337 3
38 339 3
38 342 3
38 350 4
38 355 3
38 356 3
38 357 5
38 364 2
38 367 2
38 368 4
38 376 4
38 377 3
38 380 3
38 410 3
38 432 3
38 434 2
38 435 2
38 440 3
38 454 4
38 457 5
38 466 3
38 468 3
38 480 3
38 485 3
38 497 5
38 500 3
38 508 3
38 509 2
38 527 5
38 539 3
38 551 4
38 552 3
38 555 2
38 585 3
38 586 3
38 588 3
38 590 4
38 592 4
38 593 3
38 595 4
38 597 2
38 648 4
38 736 2
39 32 3
39 47 3
39 50 5
39 260 5
39 296 5
39 364 4
39 457 4
39 588 4
39 589 4
39 592 4
39 593 5
39 594 3
39 596 3
39 608 5
39 610 4
39 745 4
39 858 4
39 908 3
39 924 2
39 1022 3
39 1025 4
39 1027 4
39 1029 3
39 1032 3
39 1036 4
39 1073 3
39 1089 5
39 1097 4
39 1127 4
39 1136 4
39 1196 5
39 1197 5
39 1198 4
39 1200 5
39 1210 5
39 1213 4
39 1214 5
39 1215 5
39 1219 5
39 1221 5
39 1248 5
39 1258 5
39 1270 4
39 1276 4
39 1282 1
39 1287 4
39 1291 5
39 1387 5
39 1394 4
39 1396 3
39 1408 4
39 1500 4
39 1527 2
39 1584 5
39 1610 4
39 1617 2
39 1729 5
39 1862 2
39 1907 2
39 1921 5
39 1954 2
39 1967 4
39 1968 5
39 1994 4
39 2018 3
39 2078 3
39 2080 3
39 2081 2
39 2085 3
39 2118 5
39 2137 1
39 2174 3
39 2342 5
39 2366 5
39 2391 5
39 2459 3
39 2529 4
39 2571 5
39 2580 5
39 2599 5
39 2692 5
39 2700 5
39 2762 5
39 2858 5
39 2912 4
39 2947 3
39 2987 4
39 2997 5
39 3000 5
39 3019 5
39 3034 3
39 3178 3
39 3213 5
39 3328 5
39 3362 5
39 3418 2
39 3481 5
39 3745 4
39 3793 4
39 3911 5
40 1 5
40 17 5
40 19 2
40 21 4
40 26 4
40 31 4
40 34 5
40 44 3
40 46 4
40 48 2
40 60 4
40 62 5
40 82 5
40 104 1
40 107 4
40 110 4
40 111 5
40 121 4
40 126 3
40 146 3
40 150 5
40 151 4
40 153 3
40 158 4
40 159 3
40 163 5
40 165 4
40 168 2
40 172 4
40 173 4
40 186 3
40 199 3
40 203 5
40 205 4
40 208 2
40 216 1
40 218 4
40 223 5
40 224 4
40 228 3
40 230 5
40 231 1
40 235 4
40 236 4
40 252 4
40 256 2
40 265 5
40 266 4
40 267 3
40 272 5
40 273 1
40 281 5
40 292 3
40 296 5
40 300 5
40 306 5
40 307 5
40 308 5
40 312 3
40 314 5
40 316 3
40 317 4
40 318 5
40 327 4
40 329 3
40 330 3
40 337 5
40 339 3
40 344 4
40 350 5
40 351 4
40 353 3
40 362 4
40 364 5
40 367 4
40 371 4
40 376 3
40 380 3
40 383 3
40 410 3
40 421 3
40 431 5
40 432 3
40 434 3
40 435 3
40 440 4
40 454 4
40 457 3
40 491 5
40 509 3
40 514 5
40 515 3
40 551 3
40 553 5
40 585 3
40 588 4
40 590 4
40 592 4
40 595 3
40 609 4
40 610 4
40 616 3
40 685 5
41 47 3.5
41 50 3
41 111 2
41 215 2
41 288 3
41 293 4
41 296 5
41 356 2
41 357 4
41 380 0.5
41 541 2
41 593 4
41 595 4
41 597 3
41 608 4
41 750 2
41 778 4
41 920 3
41 924 2
41 1088 1.5
41 1089 2
41 1097 3
41 1200 2
41 1206 5
41 1208 2
41 1213 2
41 1214 0.5
41 1219 4
41 1222 2
41 1225 4.5
41 1258 5
41 1259 5
41 1265 3
41 1307 3.5
41 1485 3
41 1569 2
41 1584 2
41 1641 2
41 1682 3
41 1704 3
41 1721 5
41 1732 4
41 1777 2.5
41 1784 4
41 1884 3
41 1961 4
41 2028 2
41 2115 2
41 2160 5
41 2268 2.5
41 2324 4
41 2329 4
41 2571 2
41 2671 3
41 2692 4
41 2712 5
41 2724 2
41 2858 4
41 2959 4
41 3081 3
41 3160 4
41 3285 4
41 3301 2.5
41 3408 3
41 3578 4
41 3916 0.5
41 3948 5
41 3949 4
41 3968 4
41 3996 3.5
41 4011 3
41 4014 3.5
41 4022 5
41 4027 4
41 4034 3.5
41 4226 4
41 4235 4
41 4246 4
41 4262 2
41 4306 3
41 4720 3.5
41 4816 5
41 4848 5
41 4878 5
41 4890 3
41 4963 3
41 4973 4
41 4979 2.5
41 5014 3
41 5377 4
41 5418 2
41 5449 3
41 5618 3.5
41 5816 1
41 5952 2
41 5989 4
41 5995 4
41 6016 4
41 6287 5
41 6373 4
41 6377 4
41 6539 3
41 6708 3
41 6711 3.5
41 6763 5
41 6870 3
41 6874 5
41 6953 3.5
41 7149 4.5
41 7173 5
41 7293 5
41 7361 4
41 7438 5
41 7444 2.5
41 7445 2
41 8641 3.5
41 8874 2
41 8949 4
41 8961 3
41 8981 4
41 30707 4
41 30812 4
41 30825 3
41 31685 3
41 33166 4
41 34162 4
41 34319 3
41 35836 4
41 37729 3.5
41 41285 4
41 46578 4
41 46723 4
41 47099 3.5
41 48394 3
41 48516 3.5
41 48780 3
41 49286 3
41 49530 4
41 50872 4
41 51662 2
41 52973 3.5
41 53519 0.5
41 54001 0.5
41 54272 4
41 54286 3.5
41 55247 4
41 55280 4
41 55765 2
41 55820 5
41 56367 2.5
41 56941 3.5
41 57669 4.5
41 58998 4
41 59725 3
41 59900 2.5
41 60950 3
41 61132 3
41 61240 4
41 61323 3
41 64839 1
41 64969 3
41 65230 3.5
41 66097 4
41 67255 4
41 68157 4
41 68954 4
41 69122 3
41 69757 3.5
41 70293 3
41 71033 4
41 71899 4
41 79132 0.5
41 80906 2
41 81591 3.5
41 81845 3
41 85774 1
41 86781 4
41 86882 3.5
41 87869 5
41 88129 3.5
41 88163 4
41 89759 4
41 91529 1
41 92259 4
41 93840 2
41 96829 4
41 97921 4
41 99114 4
41 100714 1.5
41 101525 3
41 102407 3
41 103980 3
41 104879 5
41 106918 4
41 106920 3
41 109374 3.5
41 111659 1
41 111921 4
41 112183 3
41 112290 3.5
41 112552 4
41 112556 3
41 115149 0.5
41 115569 4
41 115713 0.5
41 116897 5
41 118900 4
41 122882 2.5
41 122904 0.5
41 125916 0.5
41 128360 4
41 135887 3
41 136864 0.5
41 138036 2
41 139385 4
41 140110 3.5
41 150548 1
42 3 4
42 7 3
42 10 5
42 11 5
42 16 5
42 19 2
42 21 4
42 22 5
42 47 4
42 50 5
42 86 4
42 95 3
42 104 4
42 110 4
42 122 3
42 135 3
42 141 1
42 144 4
42 150 5
42 153 2
42 161 3
42 163 3
42 165 2
42 168 3
42 173 2
42 185 4
42 186 4
42 193 3
42 195 3
42 223 5
42 225 4
42 227 4
42 231 4
42 234 4
42 236 3
42 252 4
42 253 5
42 257 3
42 260 5
42 276 4
42 288 5
42 292 3
42 296 5
42 303 2
42 316 2
42 318 4
42 333 5
42 344 2
42 349 4
42 350 4
42 353 2
42 356 5
42 360 3
42 361 3
42 364 4
42 368 3
42 372 2
42 379 2
42 380 3
42 381 4
42 383 4
42 408 4
42 410 2
42 413 2
42 414 2
42 415 2
42 418 3
42 420 3
42 424 3
42 432 3
42 433 4
42 434 4
42 436 4
42 442 4
42 457 4
42 459 3
42 466 2
42 468 4
42 485 3
42 486 3
42 490 3
42 507 4
42 509 4
42 520 2
42 524 3
42 527 4
42 540 4
42 548 4
42 550 5
42 552 4
42 553 5
42 555 5
42 586 2
42 590 4
42 592 3
42 593 5
42 597 5
42 612 2
42 628 2
42 639 3
42 647 2
42 648 5
42 708 4
42 733 2
42 780 2
42 782 3
42 784 2
42 785 3
42 788 4
42 805 5
42 858 5
42 880 2
42 912 5
42 924 5
42 996 2
42 1020 2
42 1021 2
42 1027 4
42 1036 4
42 1042 2
42 1060 5
42 1061 4
42 1079 3
42 1088 3
42 1089 5
42 1090 5
42 1093 5
42 1094 1
42 1097 4
42 1100 4
42 1101 5
42 1124 5
42 1127 4
42 1191 4
42 1196 3
42 1197 5
42 1210 5
42 1213 5
42 1221 5
42 1222 5
42 1231 5
42 1245 5
42 1246 5
42 1265 5
42 1266 3
42 1270 4
42 1285 4
42 1302 4
42 1307 4
42 1339 3
42 1343 3
42 1370 2
42 1373 4
42 1374 4
42 1378 5
42 1379 5
42 1391 2
42 1393 4
42 1431 2
42 1453 2
42 1457 4
42 1461 3
42 1466 4
42 1468 2
42 1474 2
42 1476 4
42 1479 4
42 1485 4
42 1488 4
42 1499 2
42 1500 5
42 1513 3
42 1517 5
42 1552 3
42 1573 4
42 1580 4
42 1597 4
42 1608 4
42 1610 4
42 1614 4
42 1617 2
42 1619 3
42 1625 4
42 1641 3
42 1644 2
42 1645 4
42 1653 5
42 1663 4
42 1667 2
42 1672 4
42 1673 5
42 1674 3
42 1682 3
42 1687 3
42 1689 1
42 1704 5
42 1722 5
42 1726 2
42 1729 4
42 1784 5
42 1805 4
42 1806 2
42 1810 3
42 1831 2
42 1835 4
42 1876 4
42 1883 2
42 1892 3
42 1894 4
42 1918 2
42 1923 4
42 1961 4
42 1968 4
42 1975 2
42 1976 2
42 2000 5
42 2001 4
42 2002 3
42 2011 4
42 2023 5
42 2028 5
42 2081 5
42 2094 3
42 2100 4
42 2105 2
42 2110 4
42 2115 4
42 2144 3
42 2146 4
42 2155 3
42 2169 2
42 2194 4
42 2236 3
42 2263 4
42 2268 4
42 2278 5
42 2294 3
42 2297 4
42 2302 4
42 2306 3
42 2311 4
42 2329 5
42 2335 4
42 2352 4
42 2353 2
42 2369 2
42 2371 5
42 2372 5
42 2375 3
42 2376 5
42 2404 2
42 2406 3
42 2407 4
42 2416 3
42 2420 3
42 2421 2
42 2423 5
42 2424 4
42 2427 4
42 2433 3
42 2478 5
42 2490 4
42 2492 1
42 2497 4
42 2500 2
42 2502 5
42 2505 4
42 2539 4
42 2541 5
42 2568 4
42 2571 5
42 2574 3
42 2580 4
42 2581 3
42 2598 4
42 2605 4
42 2628 3
42 2641 2
42 2671 4
42 2683 4
42 2688 3
42 2694 4
42 2700 4
42 2702 4
42 2706 5
42 2707 4
42 2712 5
42 2713 3
42 2716 3
42 2722 3
42 2724 3
42 2735 4
42 2746 3
42 2763 5
42 2770 2
42 2771 4
42 2791 5
42 2795 4
42 2796 4
42 2804 4
42 2805 4
42 2827 3
42 2861 4
42 2871 5
42 2875 3
42 2890 4
42 2906 4
42 2908 3
42 2915 4
42 2918 4
42 2959 3
42 2968 4
42 2987 4
42 2989 5
42 2990 5
42 2997 4
42 3005 3
42 3033 4
42 3052 3
42 3082 5
42 3098 4
42 3100 5
42 3101 3
42 3104 3
42 3120 4
42 3142 4
42 3146 3
42 3173 4
42 3176 4
42 3177 2
42 3186 4
42 3208 2
42 3210 4
42 3247 2
42 3248 2
42 3252 4
42 3253 4
42 3254 3
42 3255 3
42 3256 4
42 3257 4
42 3259 4
42 3261 2
42 3263 4
42 3264 4
42 3269 3
42 3298 4
42 3301 4
42 3316 2
42 3326 2
42 3361 4
42 3387 4
42 3394 3
42 3408 4
42 3438 1
42 3441 4
42 3448 5
42 3450 5
42 3481 4
42 3502 5
42 3515 4
42 3527 2
42 3534 3
42 3535 4
42 3552 4
42 3578 3
42 3617 4
42 3646 3
42 3693 1
42 3694 1
42 3695 1
42 3717 4
42 3752 4
42 3753 4
42 3755 5
42 3764 2
42 3791 3
42 3793 2
42 3824 2
42 3841 5
42 3861 3
42 3869 2
42 3882 2
42 3946 4
42 3948 3
42 3968 2
42 3977 3
42 3980 2
42 3987 2
42 4002 5
42 4005 4
42 4007 5
42 4008 4
42 4018 4
42 4022 4
42 4027 4
42 4034 5
42 4040 2
42 4041 5
42 4062 4
42 4067 2
42 4084 4
42 4085 4
42 4102 5
42 4132 3
42 4153 3
42 4155 3
42 4207 3
42 4262 5
42 4280 4
42 4293 4
42 4317 3
42 4321 5
42 4322 4
42 4333 1
42 4349 4
42 4351 5
42 4359 4
42 4361 3
42 4367 3
42 4396 4
42 4442 1
42 4466 2
42 4477 2
42 4482 5
42 4487 4
42 4489 5
42 4509 5
42 4516 4
42 4541 4
42 4545 4
42 4564 5
42 4565 2
42 4577 4
42 4621 4
42 4623 4
42 4629 2
42 4654 3
42 4679 4
42 4686 2
43 1 5
43 3 5
43 5 5
43 7 5
43 8 5
43 10 4
43 11 4
43 23 5
43 29 5
43 34 5
43 47 4
43 48 5
43 57 5
43 60 5
43 79 5
43 95 4
43 102 5
43 107 5
43 110 3
43 150 5
43 153 5
43 158 5
43 161 4
43 165 5
43 168 5
43 173 3
43 174 5
43 185 4
43 193 4
43 208 4
43 217 5
43 225 4
43 231 3
43 236 3
43 238 5
43 253 4
43 256 5
43 259 4
43 261 5
43 262 5
43 271 5
43 276 5
43 277 5
43 288 3
43 292 5
43 296 3
43 300 3
43 316 4
43 317 4
43 318 4
43 325 5
43 329 5
43 339 4
43 343 4
43 344 4
43 349 3
43 350 4
43 351 4
43 355 5
43 356 5
43 362 5
43 364 5
43 367 5
43 374 5
43 377 3
43 380 3
43 382 5
43 410 4
43 413 3
43 419 5
43 420 5
43 432 4
43 434 5
43 435 5
43 442 5
43 454 4
43 457 5
43 480 4
43 484 5
43 500 5
43 502 5
43 519 5
43 520 5
43 532 4
43 539 3
43 542 4
43 552 5
43 553 4
43 575 5
43 587 5
43 588 5
43 589 5
43 590 4
43 592 5
43 594 5
43 595 5
43 596 5
43 597 5
43 609 5
43 610 5
43 616 5
43 631 5
43 648 5
43 661 5
43 711 5
43 783 5
43 788 5
43 810 5
43 828 5
43 1064 5
43 1073 5
43 1084 5
43 1105 5
43 1356 5
44 1 3
44 3 3
44 6 3
44 12 1
44 18 4
44 36 4
44 65 3
44 66 3
44 94 4
44 95 4
44 104 4
44 112 5
44 135 2
44 141 3
44 260 5
44 494 4
44 605 1
44 648 3
44 661 3
44 663 4
44 667 3
44 673 1
44 733 5
44 736 2
44 737 5
44 780 3
44 785 3
44 786 2
44 798 2
44 805 4
44 833 2
44 836 3
44 842 3
44 849 3
44 852 4
44 889 4
44 891 3
44 1120 4
44 1210 5
44 1391 2
44 1393 4
44 1405 4
44 1429 5
44 1476 5
44 1517 4
44 1544 1
44 1552 4
44 1639 5
45 1 4
45 5 3
45 6 4
45 7 3
45 11 3
45 19 4.5
45 21 4
45 32 4.5
45 39 3
45 50 5
45 62 4
45 65 3
45 69 3
45 70 4
45 88 4
45 104 5
45 107 4
45 110 5
45 112 4
45 150 5
45 165 5
45 172 3
45 173 1
45 180 4
45 185 3
45 186 3.5
45 216 5
45 223 5
45 231 5
45 248 2
45 252 4
45 260 5
45 261 3
45 292 4
45 296 5
45 316 4
45 317 3
45 329 4
45 333 4
45 338 3
45 344 4
45 356 5
45 357 4
45 362 5
45 364 5
45 367 4
45 368 4
45 370 3.5
45 380 4
45 413 3
45 435 3
45 440 3
45 441 3
45 457 4
45 466 3
45 474 5
45 480 4
45 500 4
45 520 4
45 541 3
45 543 5
45 546 2
45 551 3
45 552 4
45 569 2
45 586 3
45 587 2
45 588 5
45 589 5
45 590 4
45 593 4
45 594 4
45 595 5
45 597 3
45 639 2
45 648 4
45 671 4
45 733 4
45 765 4
45 778 4
45 780 3
45 783 3
45 784 4
45 785 4
45 788 2
45 832 4.5
45 849 3
45 852 4
45 858 5
45 903 4
45 919 3
45 924 4
45 934 3
45 1005 2
45 1020 3
45 1021 2
45 1028 4
45 1029 4
45 1033 4
45 1035 5
45 1036 3
45 1037 4
45 1042 3
45 1059 5
45 1060 5
45 1073 4
45 1080 4
45 1097 5
45 1101 4
45 1127 4
45 1136 5
45 1196 5
45 1197 5
45 1198 4
45 1210 5
45 1213 5
45 1221 4
45 1225 4
45 1240 3
45 1242 5
45 1246 5
45 1258 5
45 1259 3
45 1265 3
45 1270 3.5
45 1282 5
45 1285 3
45 1291 5
45 1302 5
45 1307 3
45 1356 4
45 1367 3
45 1370 4.5
45 1371 3
45 1372 5
45 1374 3
45 1375 4
45 1376 3
45 1377 2
45 1390 2
45 1391 3
45 1393 5
45 1396 4
45 1407 4.5
45 1431 4
45 1442 4
45 1457 4
45 1476 3
45 1485 4
45 1500 3
45 1517 5
45 1527 4
45 1566 4
45 1569 4
45 1573 5
45 1580 3
45 1584 5
45 1591 4
45 1608 4
45 1610 4
45 1615 3
45 1639 4
45 1641 4
45 1642 2
45 1653 4
45 1676 4
45 1682 4
45 1688 4
45 1704 5
45 1721 4
45 1729 4
45 1732 5
45 1753 4
45 1769 3
45 1777 4
45 1784 4
45 1862 3
45 1863 2
45 1866 5
45 1883 3
45 1909 4
45 1921 5
45 1923 5
45 1934 3
45 1961 4
45 1968 4
45 2005 3
45 2006 5
45 2011 3
45 2012 3
45 2021 3
45 2028 5
45 2042 3
45 2046 3
45 2052 2
45 2064 4
45 2078 5
45 2080 4
45 2081 5
45 2082 3
45 2083 5
45 2087 4
45 2094 3
45 2096 4
45 2105 3
45 2106 5
45 2108 2
45 2115 4.5
45 2124 4
45 2140 4
45 2174 3
45 2195 4
45 2231 5
45 2268 5
45 2302 3
45 2311 4
45 2324 5
45 2329 5
45 2355 5
45 2396 4
45 2407 2
45 2431 5
45 2470 1
45 2485 4
45 2492 4
45 2501 4
45 2502 5
45 2504 4
45 2528 4
45 2541 4
45 2571 5
45 2580 5
45 2598 4
45 2605 2
45 2606 3
45 2616 4
45 2628 4
45 2657 5
45 2672 1
45 2683 4
45 2687 4
45 2694 5
45 2700 5
45 2706 4
45 2707 4
45 2710 4
45 2712 3
45 2716 4
45 2718 3
45 2731 4
45 2746 3
45 2762 5
45 2763 4
45 2771 5
45 2791 4
45 2797 4
45 2804 3
45 2841 4
45 2858 5
45 2890 5
45 2915 4
45 2916 4
45 2918 5
45 2944 3
45 2947 4
45 2959 5
45 2985 2
45 2987 4
45 2997 4
45 3004 3
45 3033 4
45 3052 4
45 3082 4
45 3087 3
45 3114 5
45 3147 5
45 3175 3
45 3176 4
45 3177 4
45 3196 4
45 3243 2
45 3247 3
45 3248 2
45 3249 3
45 3253 4
45 3254 4
45 3255 3
45 3258 3
45 3268 1
45 3269 3
45 3270 1
45 3273 4
45 3274 3
45 3285 3
45 3298 4
45 3301 4
45 3360 3
45 3385 2
45 3387 2
45 3394 3
45 3396 4
45 3408 4
45 3421 4
45 3439 1
45 3481 4
45 3484 3
45 3489 3
45 3510 4
45 3534 4
45 3536 4
45 3549 4
45 3552 5
45 3555 4
45 3565 4
45 3578 5
45 3617 4
45 3717 5
45 3752 4
45 3753 5
45 3793 5
45 3798 5
45 3897 3
45 3911 3
45 3972 5
45 3996 5
45 4011 5
45 4016 5
45 4022 5
45 4033 4
45 4034 4
45 4104 1
45 4299 5
45 4306 5
45 4308 5
45 4369 5
45 4502 1
45 4623 3
45 4638 3
45 4718 5
45 4734 5
45 4886 5
45 4896 4
45 4901 5
45 4929 3
45 4958 4
45 4963 5
45 4974 4
45 4979 3
45 4980 2
45 4993 5
45 5103 3
45 5151 4
45 5218 3.5
45 5220 2
45 5283 5
45 5307 3
45 5308 3
45 5313 3
45 5349 5
45 5378 5
45 5418 5
45 5445 4
45 5481 4
45 5500 5
45 5502 5
45 5528 5
45 5568 2
45 5582 3
45 5585 1
45 5589 3
45 5620 3
45 5630 5
45 5989 5
45 6287 5
45 6333 5
45 6365 5
45 6373 4
45 6377 5
45 6539 5
45 7173 5
45 7294 4
45 8360 5
45 8528 5
45 8636 3.5
45 8665 5
45 33004 4
45 33145 4
45 33493 5
45 33495 3
45 33679 5
45 50872 5
45 51080 4.5
45 53121 4
45 53125 4
45 53322 5
45 53993 4.5
45 53996 4.5
45 54272 5
45 54286 4.5
46 1 5
46 10 3
46 32 4
46 39 3
46 50 5
46 110 5
46 111 4
46 153 4
46 160 4
46 161 3
46 165 4
46 173 5
46 185 4
46 208 3
46 225 3
46 231 3
46 236 4
46 253 4
46 266 5
46 282 3
46 288 3
46 292 5
46 300 3
46 315 3
46 316 4
46 318 4
46 339 5
46 344 3
46 349 3
46 364 5
46 367 4
46 380 5
46 432 3
46 434 4
46 435 3
46 454 5
46 457 5
46 588 5
46 590 5
46 592 3
46 593 5
46 595 5
47 31 3
47 47 3
47 62 3
47 141 2
47 147 3.5
47 150 3
47 318 4
47 356 4.5
47 391 4.5
47 500 1
47 508 4
47 539 3
47 587 4
47 590 3.5
47 593 2
47 597 3
47 724 2
47 1021 2
47 1088 4
47 1097 4
47 1203 2.5
47 1259 3
47 1265 2
47 1393 2.5
47 1580 1.5
47 1721 3.5
47 1961 4
47 1968 2.5
47 2028 4
47 2121 2.5
47 2144 3
47 2291 2.5
47 2407 2
47 2420 3.5
47 2671 2
47 2762 3
47 2797 2
47 2908 3.5
47 2942 2.5
47 2959 2
47 3147 5
47 3255 2.5
47 3408 3
47 3844 4
47 3949 1
47 3969 3.5
47 4018 2.5
47 4022 3
47 4474 3.5
47 4487 1.5
47 4776 3.5
47 4878 0.5
47 4975 3
47 5014 3
47 5108 4
47 5293 3
47 5669 4
47 5679 2
47 5943 2
47 5989 2
47 5991 2
47 6155 3
47 6373 2
47 6765 3
47 6870 3.5
47 7160 3
47 8464 3
47 8533 3.5
47 8958 3.5
47 8966 4
47 30707 4
47 30749 3
47 30793 3
47 30812 3
47 31685 3
47 33166 4.5
47 40819 3.5
47 45950 3
47 47099 2.5
47 47423 5
47 48385 0.5
47 49278 3.5
47 49530 3
47 49824 2.5
47 51931 5
47 53894 3.5
47 55247 4
47 56587 4
47 59725 3.5
47 63082 4
47 63876 3
47 68932 3.5
47 69122 0.5
47 69712 4
47 72395 3.5
47 72641 4
47 72998 2.5
47 79242 3
47 80463 3.5
47 81591 1.5
47 81932 4
47 82767 3.5
47 84152 4.5
47 88405 1
47 88810 3.5
47 91658 2.5
47 96567 4
47 96588 1.5
47 96811 4
47 97921 3.5
47 97923 4
47 97938 3.5
47 100383 3.5
47 101525 3.5
47 104841 2
47 105504 3.5
47 106100 4
47 106782 3.5
47 108729 3
47 111921 3.5
47 112183 1.5
47 112552 5
47 112556 2
47 112804 5
47 117881 4
47 132424 2.5
47 137337 3.5
47 139385 0.5
47 140174 2.5
47 140247 1
47 140715 4
47 145839 3.5
47 146656 3.5
47 148626 3
47 159817 3
47 160980 3.5
47 161582 3.5
47 163645 3
47 166643 3
47 171011 3
48 48 4
48 168 3.5
48 172 3.5
48 653 4
48 780 3.5
48 1193 3
48 1320 4
48 1356 4.5
48 1485 4
48 1527 4
48 1580 5
48 1584 4.5
48 1625 4.5
48 1653 4.5
48 1690 4.5
48 2081 4.5
48 2115 5
48 2194 4
48 2353 3
48 2571 5
48 2617 4.5
48 2791 2.5
48 2797 4
48 3623 2.5
48 3793 3.5
48 4886 5
48 5349 4
48 5445 4.5
48 5882 4
48 5903 4
48 6333 3.5
48 8371 4
48 8636 4.5
49 110 4
49 318 4
49 356 4
49 527 4.5
49 1097 4.5
49 1200 4.5
49 1214 4
49 2028 4.5
49 2571 4.5
49 4022 4.5
49 5218 4
49 6377 4
49 47099 4.5
49 70286 4
49 79091 4
49 79132 4.5
49 103335 4
49 109487 4.5
49 122920 4
49 139385 4.5
49 168252 4.5
50 1 3
50 32 3
50 111 4
50 165 3
50 296 4
50 318 3.5
50 356 3
50 541 4
50 593 3.5
50 596 2
50 608 4
50 741 3.5
50 750 4
50 783 2.5
50 837 2.5
50 858 4
50 899 4
50 903 4
50 909 3
50 914 3
50 923 4
50 924 4.5
50 969 3.5
50 1028 3
50 1036 3.5
50 1079 2.5
50 1080 3.5
50 1101 2.5
50 1136 4
50 1148 3.5
50 1198 3.5
50 1199 4
50 1201 4
50 1204 4.5
50 1206 4
50 1208 4.5
50 1223 3
50 1225 3.5
50 1230 3.5
50 1232 4
50 1251 4.5
50 1252 4
50 1253 3
50 1258 4
50 1263 3.5
50 1273 3
50 1274 4
50 1278 3.5
50 1281 3.5
50 1289 3
50 1291 3
50 1367 2
50 1370 3
50 1377 3
50 1380 2.5
50 1387 3
50 1391 3
50 1566 2.5
50 1580 2.5
50 1682 2.5
50 1721 3
50 1732 3.5
50 1921 3
50 1968 2.5
50 2006 2.5
50 2018 2.5
50 2019 4
50 2160 4
50 2164 1
50 2420 2.5
50 2553 3
50 2571 2.5
50 2657 3
50 2712 3.5
50 2732 4
50 2925 3.5
50 2947 3.5
50 2959 3
50 3000 3.5
50 3022 3
50 3034 3
50 3114 3
50 3168 3.5
50 3221 3.5
50 3415 4
50 3462 3.5
50 3730 4
50 3868 3
50 3949 3
50 4226 3
50 4282 3.5
50 4306 2
50 4399 3.5
50 4658 3.5
50 4886 3
50 4896 2.5
50 4914 4
50 4928 4
50 5004 3
50 5021 3
50 5218 2
50 5459 2
50 5618 4
50 5669 2.5
50 5810 2
50 5816 2.5
50 5932 3.5
50 6239 2.5
50 6377 3
50 6539 3
50 6662 3
50 6663 3
50 6666 3.5
50 6711 3
50 6773 3.5
50 6807 3
50 6874 3.5
50 6975 3.5
50 7063 3.5
50 7206 3.5
50 7247 3
50 7327 4
50 7396 4
50 7438 3.5
50 7700 4
50 7748 4
50 8143 3.5
50 8157 3
50 8235 3
50 8253 3.5
50 8361 1
50 8368 3
50 8379 3
50 8879 3
50 8928 4
50 8961 3
50 8974 2
50 26258 4
50 26326 4
50 26422 3
50 26729 3.5
50 27156 4
50 27513 3
50 27773 3
50 30793 1.5
50 32031 2
50 32657 3.5
50 32659 2.5
50 32875 3
50 32898 3.5
50 33781 2.5
50 33794 2.5
50 37545 3
50 38038 3
50 41566 2
50 44022 1.5
50 44555 3.5
50 44719 2.5
50 45517 2
50 45880 2.5
50 46062 1
50 46578 3
50 46862 3.5
50 47099 2
50 48385 3
50 48780 2.5
50 49272 2.5
50 50872 3
50 52885 3
50 54272 2.5
50 55247 2.5
50 56174 1.5
50 58559 3
50 59615 2
50 59784 2.5
50 60397 2.5
50 62336 3.5
50 62644 2.5
50 63082 2.5
50 63312 2
50 64278 3.5
50 66335 2.5
50 69122 1
50 69644 1
50 71156 2.5
50 71264 2
50 72378 1
50 72998 2
50 74458 2.5
50 78499 2
50 79132 2.5
50 79224 2
50 79702 2
50 81018 3
50 81562 2
50 82848 3.5
50 85796 2
50 87222 2
50 88911 3
50 89774 2.5
50 90522 1.5
50 90746 2.5
50 91094 1.5
50 92046 3
50 92427 1
50 92475 4
50 93114 3
50 93326 1
50 94677 2
50 94864 1.5
50 95543 1
50 96079 2.5
50 96606 2.5
50 96610 2
50 97225 2
50 97304 3.5
50 97923 2.5
50 97938 2
50 99114 3
50 100498 1
50 101072 2.5
50 102407 2.5
50 103171 1
50 103228 2
50 103335 1.5
50 104283 3.5
50 104841 1.5
50 104913 2.5
50 105250 3.5
50 106782 3
50 107338 2.5
50 107565 1.5
50 108932 2.5
50 109374 3
50 109487 2.5
50 110102 2
50 111732 3.5
50 111921 2.5
50 112183 3
50 112552 2.5
50 113374 3
50 114335 3
50 115203 3
50 116797 2.5
50 117176 2
50 117529 1.5
50 122882 3
50 122898 0.5
50 122904 1.5
50 122918 1
50 127146 3
50 128360 2.5
50 128620 3.5
50 128695 2.5
50 134170 2.5
50 134515 3
50 135143 2
50 135456 3
50 135887 1
50 136018 2
50 136020 2
50 136305 1
50 136564 2.5
50 136864 1.5
50 137857 2
50 138208 2.5
50 139385 2.5
50 139644 3
50 140928 2.5
50 142074 1.5
50 142448 2
50 142602 1
50 142961 2.5
50 142997 2
50 143859 2
50 143969 1
50 148626 3
50 149406 2
50 151759 2.5
50 152081 2.5
50 156607 1
50 158238 3
50 160569 1
50 164280 3.5
50 165969 3.5
50 167370 1.5
50 168254 1.5
50 168492 3.5
50 170705 3.5
50 170875 1
50 171701 3.5
50 171759 3
50 172013 3
50 172461 3
50 174055 2.5
50 174141 3.5
50 174403 2.5
50 174737 3
50 175485 0.5
50 175661 1.5
50 175693 2.5
50 175705 3.5
50 175707 3
50 175743 3
50 175781 3
50 176101 1
50 176371 3
50 179073 3
50 188301 3
50 190183 3.5
51 2 4.5
51 3 4
51 7 4
51 36 3
51 65 3.5
51 70 5
51 76 5
51 93 3
51 111 5
51 141 3.5
51 170 4
51 177 4
51 186 3.5
51 230 2.5
51 236 5
51 247 5
51 260 5
51 316 4.5
51 317 3.5
51 327 1.5
51 333 2
51 339 4
51 344 3
51 377 3
51 380 4
51 383 3
51 387 3.5
51 433 3.5
51 442 1.5
51 466 3.5
51 468 4.5
51 479 2
51 482 3.5
51 497 5
51 505 4
51 520 4.5
51 522 3.5
51 527 3
51 551 5
51 555 4.5
51 589 5
51 593 5
51 597 3.5
51 610 4
51 616 4
51 653 4
51 661 3
51 708 4
51 719 4.5
51 781 4
51 804 5
51 829 4
51 849 4.5
51 858 3.5
51 912 3
51 919 2
51 924 5
51 934 1
51 953 5
51 965 5
51 1009 3.5
51 1011 1.5
51 1014 0.5
51 1024 4
51 1033 4
51 1079 5
51 1088 4
51 1090 3
51 1093 5
51 1186 4.5
51 1196 5
51 1200 5
51 1201 4
51 1214 5
51 1215 5
51 1224 5
51 1235 5
51 1243 5
51 1244 4
51 1249 5
51 1257 4.5
51 1267 4
51 1272 5
51 1276 5
51 1287 3.5
51 1298 5
51 1301 4.5
51 1302 5
51 1304 5
51 1350 4.5
51 1371 5
51 1373 5
51 1391 4.5
51 1407 0.5
51 1457 3.5
51 1479 4.5
51 1499 0.5
51 1500 5
51 1580 5
51 1591 1
51 1608 3
51 1639 5
51 1641 4
51 1645 5
51 1663 5
51 1665 4
51 1674 5
51 1688 3
51 1690 3
51 1748 4
51 1753 3.5
51 1777 3
51 1784 5
51 1792 0.5
51 1805 0.5
51 1834 4
51 1845 5
51 1873 5
51 1918 3
51 1953 5
51 1967 5
51 1991 3
51 1994 4
51 1997 5
51 1999 5
51 2011 3.5
51 2015 4
51 2023 3.5
51 2033 4.5
51 2054 3
51 2060 3.5
51 2097 2.5
51 2100 4
51 2123 3
51 2124 4
51 2133 3.5
51 2137 3
51 2140 5
51 2148 4
51 2150 3
51 2151 3.5
51 2159 4
51 2167 4
51 2169 4
51 2183 5
51 2194 5
51 2248 5
51 2249 5
51 2265 2.5
51 2279 1.5
51 2282 4.5
51 2291 4
51 2301 5
51 2302 5
51 2321 5
51 2322 4
51 2356 3.5
51 2363 2.5
51 2371 3.5
51 2374 4
51 2375 5
51 2376 3.5
51 2379 2
51 2380 1.5
51 2391 4.5
51 2393 0.5
51 2402 1
51 2407 3.5
51 2408 3
51 2420 3
51 2454 4
51 2455 4.5
51 2470 4
51 2490 3
51 2524 3.5
51 2533 3.5
51 2554 4
51 2580 5
51 2587 3
51 2598 3.5
51 2605 4
51 2613 5
51 2615 4.5
51 2617 0.5
51 2634 3
51 2641 1.5
51 2644 3.5
51 2661 3
51 2664 4
51 2668 2.5
51 2683 0.5
51 2701 0.5
51 2724 3.5
51 2746 3
51 2752 2.5
51 2762 5
51 2788 5
51 2791 4
51 2797 5
51 2802 3
51 2808 2.5
51 2826 3.5
51 2836 4
51 2871 4.5
51 2872 4
51 2901 5
51 2916 1.5
51 2942 2
51 2951 4
51 2978 4
51 2995 3.5
51 3070 5
51 3082 3.5
51 3107 5
51 3108 5
51 3115 5
51 3148 5
51 3186 4.5
51 3219 4
51 3253 0.5
51 3255 3
51 3257 2.5
51 3274 2.5
51 3361 5
51 3363 4.5
51 3388 5
51 3396 3.5
51 3421 5
51 3430 4
51 3471 5
51 3481 5
51 3489 5
51 3501 4
51 3614 3.5
51 3624 2.5
51 3638 3.5
51 3671 5
51 3681 4
51 3683 5
51 3763 4
51 3785 3.5
51 3799 0.5
51 3809 3
51 3814 5
51 3863 5
51 3868 3
51 3917 5
51 3918 5
51 3949 5
51 3959 4.5
51 3968 3
51 3969 5
51 3994 5
51 4002 5
51 4014 5
51 4018 3
51 4034 5
51 4041 3.5
51 4054 2
51 4148 0.5
51 4215 3.5
51 4238 4.5
51 4241 0.5
51 4255 4
51 4262 5
51 4267 4.5
51 4270 0.5
51 4291 2
51 4293 3
51 4308 0.5
51 4327 4
51 4340 2.5
51 4344 3
51 4437 5
51 4447 3
51 4464 4
51 4496 3.5
51 4508 3.5
51 4518 3.5
51 4591 3
51 4713 5
51 4855 4.5
51 4865 5
51 4876 3
51 4878 4
51 4886 4
51 4971 4
51 4992 4.5
51 5040 3
51 5060 4.5
51 5171 3.5
51 5254 2.5
51 5339 3.5
51 5377 5
51 5378 1.5
51 5459 3.5
51 5481 4
51 5505 4
51 5568 4
51 5620 3.5
51 5672 0.5
51 5712 3.5
51 5816 5
51 5956 5
51 6323 4.5
51 6371 0.5
51 6502 5
51 6659 4
51 6708 5
51 6711 4.5
51 6786 3
51 6793 2
51 6807 5
51 6873 5
51 6880 0.5
51 6934 0.5
51 7000 5
51 7004 3
51 7007 3.5
51 7040 2.5
51 7147 4
51 7160 5
51 7163 2.5
51 7254 4.5
51 7438 5
51 7569 5
51 7757 3.5
51 7983 5
51 8464 5
51 8533 5
51 8623 3.5
51 8784 4
51 8874 5
51 26680 3.5
51 33166 2.5
51 33615 3.5
51 34338 5
51 35836 3.5
51 39183 5
51 39414 4
51 42723 5
51 45666 3.5
51 47997 5
51 48774 5
51 48877 5
51 51662 5
51 52722 3.5
51 52973 4.5
51 53953 3.5
51 54001 5
51 54286 1.5
51 56367 5
51 57532 3.5
51 58559 4
51 59306 0.5
51 59615 5
51 59900 3
51 60074 5
51 60487 5
52 150 4
52 260 4
52 293 4
52 318 5
52 356 5
52 364 5
52 588 5
52 733 5
52 1196 4
52 1198 3.5
52 1210 5
52 1704 5
52 1784 4
52 1923 5
52 2324 4
52 2571 5
52 2959 4.5
52 3753 4
52 3996 4.5
52 4901 5
52 5010 4
52 5064 5
52 5418 5
52 5669 4.5
52 6874 4.5
52 7153 5
52 7361 3.5
52 7438 4.5
52 7445 5
52 8464 4
52 8665 5
52 8874 5
52 8961 4
52 30749 5
52 31685 3
52 31696 4.5
52 33646 3
52 34405 4.5
52 34437 3
52 35836 4.5
52 36529 5
52 37733 5
52 39183 4
52 39444 5
52 40583 5
52 44191 5
52 44665 4
52 45447 3.5
52 46976 5
52 47099 4
52 47200 5
52 47610 5
52 47997 5
52 48304 5
52 48516 4
52 48738 4.5
52 48774 3.5
52 49272 5
52 49530 5
52 49651 4.5
52 50794 4.5
52 50872 4
52 51077 3
52 51255 5
52 51662 5
52 52245 4
52 52281 4
52 52328 5
52 52973 4.5
52 54286 5
52 54503 4
52 54736 5
52 54995 5
52 54997 5
52 54999 5
52 55118 5
52 55276 5
52 55363 3
52 55765 4
52 56801 3
52 57368 5
52 57528 3
52 57669 5
52 58559 5
52 58998 5
52 59369 4
52 59784 4
52 59900 3
52 60069 4
52 60684 4
52 61132 5
52 62374 4
52 63082 5
52 63113 4
52 64620 4
52 65514 3.5
52 68358 5
52 68954 4
52 69122 5
52 69481 4
52 70286 5
52 71535 4.5
52 72998 4.5
52 73017 5
52 74458 4.5
52 76093 5
52 79091 4
52 79132 5
52 81847 4
52 86892 5
52 89745 5
52 93721 5
52 93838 3.5
52 95167 5
52 96079 3
52 96811 5
52 98809 3.5
52 110501 5
52 112138 5
52 112175 4.5
52 112852 5
52 119145 4
52 122882 5
52 122886 5
52 122900 5
52 122904 5
52 134130 5
52 134368 4.5
52 134853 5
52 152081 5
53 203 5
53 249 5
53 381 5
53 413 5
53 481 5
53 748 5
53 880 5
53 916 5
53 922 5
53 1049 5
53 1100 5
53 1125 5
53 1256 5
53 1298 5
53 1441 5
53 1982 5
53 2616 5
53 2686 5
53 3100 5
53 4019 5
54 1 3
54 17 3
54 21 3
54 32 3
54 47 3
54 50 3
54 110 3
54 150 3
54 161 3
54 194 3
54 205 3
54 288 3
54 296 3
54 318 4
54 329 3
54 339 3
54 356 4
54 377 3
54 410 3
54 420 2
54 454 3
54 457 3
54 469 3
54 480 3
54 500 3
54 586 2
54 588 3
54 589 3
54 590 3
54 592 3
54 593 4
54 595 3
54 639 3
55 186 0.5
55 673 0.5
55 1275 4
55 1293 4
55 1357 0.5
55 1947 0.5
55 2005 2
55 2100 0.5
55 2278 3
55 2393 0.5
55 2407 3
55 2427 0.5
55 2490 3.5
55 2542 5
55 2580 2.5
55 2763 2.5
55 2890 4
55 3101 1
55 3275 5
55 4011 5
55 27831 5
55 33166 4.5
55 44665 4.5
55 48516 5
55 54286 4
56 10 4
56 11 4
56 19 5
56 39 4
56 47 5
56 69 4
56 110 4
56 153 4
56 160 3
56 161 4
56 165 3
56 173 3
56 185 3
56 196 3
56 208 4
56 225 4
56 231 5
56 253 3
56 288 3
56 292 4
56 296 4
56 315 4
56 316 3
56 317 4
56 318 4
56 329 3
56 333 3
56 344 5
56 349 4
56 356 5
56 364 5
56 367 3
56 370 3
56 380 4
56 410 3
56 420 3
56 434 3
56 454 3
56 457 4
56 480 5
56 493 4
56 589 4
56 592 3
56 593 5
56 733 4
56 786 4
57 1 5
57 6 3
57 10 3
57 11 3
57 21 3
57 32 4
57 39 3
57 50 5
57 52 3
57 65 1
57 69 4
57 70 1
57 89 2
57 95 3
57 104 2
57 107 3
57 110 4
57 112 4
57 141 4
57 150 3
57 151 3
57 153 2
57 158 1
57 160 1
57 162 4
57 171 4
57 185 2
57 198 3
57 208 1
57 224 4
57 227 1
57 234 3
57 235 5
57 260 5
57 265 2
57 272 3
57 296 3
57 303 2
57 305 3
57 316 3
57 329 4
57 349 4
57 355 1
57 356 4
57 357 4
57 364 4
57 367 3
57 377 2
57 379 1
57 380 4
57 382 2
57 410 2
57 417 2
57 421 3
57 431 4
57 434 2
57 440 4
57 442 2
57 457 5
57 471 3
57 473 2
57 474 3
57 480 5
57 485 3
57 494 4
57 497 3
57 500 3
57 515 4
57 516 2
57 518 2
57 520 3
57 527 5
57 537 3
57 539 3
57 541 5
57 551 4
57 552 2
57 553 4
57 587 2
57 588 4
57 589 4
57 590 3
57 592 4
57 593 5
57 594 4
57 595 5
57 596 4
57 597 3
57 608 4
57 610 3
57 648 4
57 653 3
57 671 3
57 673 1
57 674 4
57 707 2
57 720 5
57 728 3
57 733 3
57 736 2
57 745 4
57 748 2
57 750 5
57 761 2
57 762 2
57 778 4
57 780 3
57 781 4
57 783 3
57 786 2
57 810 1
57 838 3
57 849 2
57 851 1
57 858 5
57 861 4
57 866 4
57 880 3
57 892 3
57 897 4
57 899 5
57 903 4
57 904 5
57 908 5
57 911 4
57 912 5
57 913 5
57 915 5
57 920 4
57 922 4
57 923 5
57 924 5
57 933 4
57 940 4
57 942 4
57 951 4
57 955 5
57 969 4
57 991 3
57 994 4
57 999 2
57 1027 1
57 1028 4
57 1030 3
57 1032 4
57 1036 4
57 1047 4
57 1049 3
57 1059 3
57 1060 3
57 1079 3
57 1080 4
57 1092 2
57 1094 3
57 1100 2
57 1101 4
57 1127 4
57 1129 3
57 1136 5
57 1148 5
57 1179 2
57 1183 4
57 1184 3
57 1193 4
57 1196 4
57 1197 5
57 1198 5
57 1200 4
57 1201 5
57 1204 5
57 1206 4
57 1208 4
57 1210 4
57 1212 5
57 1220 4
57 1221 5
57 1222 4
57 1223 4
57 1226 4
57 1234 5
57 1240 4
57 1242 4
57 1243 5
57 1248 5
57 1249 4
57 1250 5
57 1252 5
57 1254 4
57 1256 5
57 1257 3
57 1265 5
57 1266 4
57 1268 3
57 1269 4
57 1270 4
57 1274 3
57 1275 5
57 1276 5
57 1277 3
57 1278 4
57 1282 4
57 1283 5
57 1284 5
57 1285 4
57 1287 5
57 1288 5
57 1291 4
57 1303 3
57 1304 5
57 1320 3
57 1356 4
57 1370 2
57 1371 2
57 1372 4
57 1373 2
57 1374 5
57 1375 3
57 1376 4
57 1377 2
57 1378 3
57 1379 2
57 1385 2
57 1388 2
57 1391 4
57 1407 3
57 1416 3
57 1425 3
57 1429 4
57 1441 2
57 1468 1
57 1479 3
57 1498 2
57 1499 1
57 1500 3
57 1513 4
57 1517 4
57 1518 3
57 1527 4
57 1544 2
57 1552 1
57 1562 2
57 1564 3
57 1573 2
57 1580 4
57 1584 3
57 1590 2
57 1597 3
57 1603 2
57 1608 3
57 1610 4
57 1614 2
57 1616 3
57 1617 5
57 1620 2
57 1641 4
57 1643 4
57 1646 1
57 1653 5
57 1670 4
57 1673 4
57 1674 3
57 1676 4
57 1678 3
57 1682 4
57 1688 3
57 1690 2
57 1704 3
57 1711 3
57 1721 2
57 1722 2
57 1726 2
57 1747 4
57 1748 3
57 1769 2
57 1784 4
57 1831 2
57 1858 3
57 1866 3
57 1882 2
57 1884 2
57 1907 4
57 1909 4
57 1912 2
57 1939 4
57 1953 4
57 1954 4
57 1968 4
57 2000 5
57 2001 3
57 2002 3
57 2005 3
57 2006 3
57 2009 4
57 2019 5
57 2021 2
57 2023 3
57 2028 5
57 2054 3
57 2067 5
57 2080 4
57 2081 5
57 2083 3
57 2087 4
57 2088 1
57 2094 3
57 2100 3
57 2102 4
57 2108 3
57 2109 4
57 2115 3
57 2124 3
57 2140 4
57 2150 4
57 2155 3
57 2174 3
57 2193 3
57 2194 4
57 2202 5
57 2232 1
57 2268 4
57 2273 3
57 2288 3
57 2289 3
57 2291 4
57 2297 4
57 2300 4
57 2301 3
57 2302 2
57 2311 4
57 2321 4
57 2324 5
57 2336 3
57 2353 2
57 2354 1
57 2355 4
57 2376 3
57 2390 4
57 2393 2
57 2396 5
57 2403 4
57 2405 2
57 2406 4
57 2407 3
57 2429 1
57 2470 3
57 2476 3
57 2478 2
57 2490 4
57 2529 4
57 2530 3
57 2532 3
57 2571 5
57 2580 3
57 2599 4
57 2605 2
57 2616 2
57 2617 3
57 2628 3
57 2640 4
57 2641 2
57 2642 2
57 2681 3
57 2683 3
57 2687 4
57 2690 3
57 2700 4
57 2701 1
57 2706 4
57 2709 3
57 2716 5
57 2723 3
57 2759 4
57 2761 4
57 2762 5
57 2770 4
57 2788 4
57 2791 5
57 2797 3
57 2802 3
57 2804 4
57 2858 5
57 2916 4
57 2917 4
57 2918 5
57 2921 5
57 2922 4
57 2935 4
57 2941 3
57 2947 4
57 2949 3
57 2951 4
57 2961 2
57 2968 4
57 2985 3
57 2987 3
57 2989 4
57 2990 2
57 2997 4
57 3020 4
57 3022 5
57 3030 5
57 3032 4
57 3033 3
57 3044 4
57 3045 4
57 3064 3
57 3066 5
57 3070 3
57 3081 4
57 3082 2
57 3104 4
57 3105 4
57 3107 3
57 3108 5
57 3114 4
57 3159 3
57 3160 3
57 3175 4
57 3208 2
57 3253 3
57 3255 3
57 3256 4
57 3258 3
57 3259 3
57 3260 3
57 3269 3
57 3272 1
57 3301 3
57 3334 5
57 3361 3
57 3386 3
57 3396 4
57 3426 3
57 3429 4
57 3435 4
57 3441 4
57 3446 4
57 3466 4
57 3471 5
57 3479 4
57 3489 3
57 3494 5
57 3500 4
57 3507 4
57 3527 3
57 3543 3
57 3552 4
57 3578 4
57 3593 1
57 3614 3
57 3624 4
57 3628 4
57 3632 4
57 3635 4
57 3638 2
57 3639 3
57 3643 4
57 3671 4
57 3681 4
57 3685 3
57 3686 3
57 3697 2
57 3704 3
57 3705 2
57 3740 4
57 3753 3
57 3769 4
57 3773 1
57 3774 1
57 3811 4
57 3827 4
57 3835 2
57 3836 5
57 3901 3
57 3937 2
57 5060 4
58 3 3
58 5 4
58 7 5
58 19 1
58 21 4
58 22 3
58 31 4
58 32 5
58 36 4
58 39 5
58 44 2
58 47 5
58 48 3
58 50 5
58 62 3
58 110 5
58 141 3
58 150 4
58 153 3
58 161 4
58 165 4
58 168 5
58 173 2
58 185 3
58 186 3
58 196 2
58 203 3
58 208 4
58 216 3
58 218 5
58 222 5
58 223 3
58 224 3
58 225 3
58 231 5
58 234 4
58 248 3
58 249 5
58 253 2
58 261 4
58 265 4
58 266 3
58 276 2
58 277 5
58 280 5
58 282 4
58 288 3
58 292 4
58 293 5
58 296 5
58 300 5
58 315 5
58 317 3
58 318 5
58 327 4
58 333 5
58 337 5
58 339 5
58 342 5
58 344 1
58 345 4
58 349 3
58 350 4
58 353 3
58 356 4
58 357 3
58 362 5
58 364 4
58 367 4
58 368 4
58 371 4
58 372 3
58 377 5
58 380 3
58 419 3
58 435 3
58 440 4
58 454 3
58 455 2
58 457 5
58 474 5
58 475 5
58 477 4
58 480 4
58 497 5
58 500 3
58 508 5
58 509 2
58 520 3
58 527 5
58 529 5
58 539 5
58 540 3
58 543 5
58 551 5
58 552 3
58 555 3
58 587 4
58 588 5
58 589 4
58 590 3
58 592 3
58 594 5
58 595 5
58 596 4
58 597 5
58 616 4
58 648 5
58 708 5
58 736 3
58 780 5
58 1073 5
59 10 3
59 41 5
59 105 4
59 110 2
59 111 5
59 260 4
59 350 3
59 367 4
59 480 3
59 527 5
59 541 5
59 552 3
59 589 4
59 593 5
59 608 5
59 647 4
59 648 5
59 733 4
59 750 5
59 780 4
59 858 5
59 903 5
59 904 5
59 906 5
59 912 5
59 913 5
59 922 4
59 924 5
59 928 5
59 965 5
59 969 5
59 1086 4
59 1090 4
59 1094 5
59 1097 5
59 1151 5
59 1183 5
59 1188 5
59 1196 4
59 1208 5
59 1210 3
59 1212 5
59 1219 5
59 1221 4
59 1222 5
59 1224 5
59 1233 5
59 1244 5
59 1247 5
59 1250 5
59 1252 5
59 1263 5
59 1269 5
59 1299 5
59 1361 4
59 1428 3
59 1480 4
59 1552 3
59 1573 5
59 1580 3
59 1610 4
59 1617 4
59 1625 5
59 1631 5
59 1674 5
59 1696 5
59 1722 3
59 1797 5
59 1918 3
59 1927 5
59 1944 4
59 1953 5
59 2020 5
59 2028 5
59 2067 5
59 2075 5
59 2076 5
59 2160 5
59 2174 2
59 2294 3
59 2352 5
59 2427 5
59 2550 5
59 2571 1
59 2616 2
59 2671 3
59 2726 5
59 2763 5
59 2944 5
59 2968 5
59 2987 1
59 3075 5
59 3204 5
59 3230 5
59 3256 5
59 3386 4
59 3448 5
59 3450 3
59 3461 4
59 3462 5
59 3471 4
59 3479 4
59 3489 2
59 3498 5
59 3504 4
59 5060 4
59 6460 5
60 48 3
60 50 3
60 60 3
60 318 4
60 362 4
60 455 3
60 527 5
60 783 4
60 805 4
60 832 3
60 858 5
60 1203 3
60 1242 4
60 1562 3
60 2067 3
60 2150 4
60 2724 3
60 2739 4
60 3386 4
60 3424 4
60 6016 4
